1554.0 7.468259895444362E-4
1954.0 0.0011695906432748538
2302.0 1487.0
2361.0 1739.0
2398.0 0.007194244604316547
2461.0 0.011627906976744186
2462.0 0.013888888888888888
2466.0 0.006802721088435374
2467.0 2241.0
2470.0 0.01098901098901099
2483.0 2214.0
2501.0 0.02040816326530612
2501.0 0.012987012987012988
2501.0 0.3333333333333333
2501.0 0.016666666666666666
2501.0 2357.0
2501.0 0.014705882352941176
2511.0 0.006711409395973154
2522.0 0.017543859649122806
2522.0 2282.0
2522.0 2313.0
2534.0 0.07142857142857142
2534.0 0.047619047619047616
2534.0 0.00819672131147541
2534.0 2275.0
2556.0 2432.0
2556.0 2429.0
2556.0 0.0625
2556.0 0.023809523809523808
2556.0 2242.0
2556.0 2402.0
2556.0 0.05555555555555555
2556.0 2223.0
2556.0 2275.0
2556.0 2403.0
2556.0 2418.0
2556.0 0.041666666666666664
2556.0 0.008849557522123894
2556.0 2353.0
2556.0 0.05263157894736842
2556.0 0.01098901098901099
2556.0 2191.0
2556.0 2445.0
2556.0 0.00641025641025641
2556.0 0.05555555555555555
2556.0 0.009433962264150943
2558.0 0.01282051282051282
2558.0 0.007751937984496124
2558.0 2445.0
2558.0 2499.0
2558.0 0.015384615384615385
2558.0 0.02564102564102564
2558.0 0.037037037037037035
2558.0 0.004291845493562232
2558.0 2298.0
2558.0 2483.0
2558.0 0.004098360655737705
2558.0 0.02702702702702703
2558.0 2481.0
2558.0 2433.0
2558.0 2505.0
2558.0 2442.0
2558.0 0.006134969325153374
2558.0 0.125
2558.0 0.018518518518518517
2558.0 0.016666666666666666
2558.0 2318.0
2558.0 0.0064516129032258064
2558.0 0.010416666666666666
2558.0 0.01
2558.0 0.013888888888888888
2558.0 2486.0
2558.0 2366.0
2558.0 2475.0
2558.0 0.005847953216374269
2558.0 0.006289308176100629
2558.0 0.008
2558.0 0.010416666666666666
2558.0 0.009900990099009901
2558.0 2327.0
2558.0 2277.0
2558.0 0.012987012987012988
2558.0 2291.0
2558.0 0.00980392156862745
2558.0 0.058823529411764705
2558.0 2277.0
2558.0 2202.0
2558.0 2235.0
2558.0 2224.0
2558.0 2264.0
2558.0 0.013888888888888888
2558.0 2242.0
2558.0 2099.0
2558.0 2315.0
2558.0 1958.0
2558.0 0.015384615384615385
2558.0 0.004310344827586207
2558.0 2037.0
2558.0 0.030303030303030304
2558.0 0.01098901098901099
2558.0 0.02040816326530612
2558.0 2457.0
2558.0 2456.0
2558.0 2380.0
2558.0 0.0072992700729927005
2558.0 2492.0
2558.0 0.125
2558.0 0.02564102564102564
2558.0 2469.0
2558.0 2371.0
2558.0 2496.0
2558.0 0.03225806451612903
2558.0 0.010309278350515464
2558.0 0.030303030303030304
2558.0 2374.0
2558.0 2443.0
2558.0 0.01
2558.0 2443.0
2558.0 2367.0
2558.0 2446.0
2558.0 2485.0
2558.0 2475.0
2558.0 2401.0
2558.0 0.004484304932735426
2558.0 0.07692307692307693
2558.0 0.0034129692832764505
2558.0 2468.0
2558.0 2415.0
2558.0 2005.0
2558.0 2292.0
2558.0 0.00847457627118644
2558.0 0.009708737864077669
2558.0 2416.0
2558.0 2438.0
2558.0 0.012658227848101266
2558.0 0.023809523809523808
2558.0 2320.0
2558.0 0.02127659574468085
2558.0 0.013333333333333334
2558.0 0.014925373134328358
2558.0 0.023809523809523808
2558.0 0.01
2558.0 0.00980392156862745
2558.0 2066.0
2558.0 0.03571428571428571
2558.0 2348.0
2558.0 0.029411764705882353
2558.0 2350.0
2558.0 0.0049504950495049506
2558.0 0.03571428571428571
2558.0 0.07692307692307693
2558.0 0.02
2558.0 2288.0
2558.0 0.05555555555555555
2558.0 0.038461538461538464
2558.0 2181.0
2558.0 2315.0
2558.0 2258.0
2558.0 2319.0
2558.0 2373.0
2558.0 2333.0
2558.0 0.007633587786259542
2558.0 2254.0
2558.0 2320.0
2558.0 0.023255813953488372
2558.0 0.002967359050445104
2558.0 0.01639344262295082
2558.0 0.2
2558.0 0.006896551724137931
2558.0 0.00558659217877095
2558.0 0.013513513513513514
2558.0 0.0051813471502590676
2558.0 0.0045662100456621
2558.0 0.01
2558.0 0.01282051282051282
2558.0 0.014285714285714285
2558.0 0.011235955056179775
2558.0 2122.0
2558.0 2380.0
2558.0 0.013513513513513514
2558.0 0.007874015748031496
2558.0 0.023255813953488372
2558.0 2177.0
2558.0 0.017241379310344827
2558.0 0.016666666666666666
2558.0 0.1111111111111111
2558.0 0.006622516556291391
2558.0 0.029411764705882353
2558.0 0.011764705882352941
2558.0 0.016129032258064516
2558.0 2248.0
2558.0 2268.0
2558.0 0.5
2558.0 0.007042253521126761
2558.0 2243.0
2558.0 0.008928571428571428
2558.0 0.017857142857142856
2558.0 0.014925373134328358
2558.0 0.017543859649122806
2558.0 2262.0
2558.0 0.008064516129032258
2558.0 0.021739130434782608
2558.0 1915.0
2558.0 0.16666666666666666
2558.0 0.012987012987012988
2558.0 0.019230769230769232
2558.0 2158.0
2558.0 0.011111111111111112
2558.0 0.09090909090909091
2558.0 2065.0
2558.0 0.00847457627118644
2558.0 0.006711409395973154
2558.0 2272.0
2558.0 0.014084507042253521
2558.0 2240.0
2558.0 0.012345679012345678
2558.0 0.07142857142857142
2558.0 0.022727272727272728
2558.0 0.04
2558.0 2344.0
2558.0 2310.0
2558.0 2273.0
2558.0 2295.0
2558.0 0.004291845493562232
2558.0 0.05263157894736842
2558.0 0.018867924528301886
2558.0 2238.0
2558.0 0.011363636363636364
2558.0 1902.0
2558.0 0.16666666666666666
2558.0 0.029411764705882353
2558.0 0.041666666666666664
2558.0 0.007936507936507936
2558.0 0.1111111111111111
2558.0 0.012658227848101266
2558.0 0.007462686567164179
2558.0 0.007633587786259542
2558.0 0.125
2558.0 0.008620689655172414
2558.0 2269.0
2558.0 2198.0
2558.0 2353.0
2558.0 2154.0
2558.0 2179.0
2558.0 2367.0
2558.0 2166.0
2558.0 0.07692307692307693
2558.0 0.008333333333333333
2558.0 2330.0
2558.0 0.0070921985815602835
2558.0 2400.0
2558.0 2415.0
2558.0 0.024390243902439025
2558.0 0.00546448087431694
2558.0 2375.0
2558.0 0.022222222222222223
2558.0 0.013513513513513514
2558.0 2137.0
2558.0 2419.0
2558.0 0.018867924528301886
2558.0 2159.0
2558.0 0.1111111111111111
2558.0 0.04
2558.0 0.009615384615384616
2558.0 0.029411764705882353
2558.0 0.005988023952095809
2558.0 0.011363636363636364
2558.0 2241.0
2558.0 0.25
2558.0 0.005649717514124294
2558.0 0.011494252873563218
2558.0 0.01098901098901099
2558.0 0.007874015748031496
2558.0 0.08333333333333333
2558.0 0.02127659574468085
2558.0 0.012345679012345678
2558.0 0.01639344262295082
2558.0 0.016129032258064516
2558.0 0.01639344262295082
2558.0 0.2
2558.0 2315.0
2558.0 0.008849557522123894
2558.0 2394.0
2558.0 0.009259259259259259
2558.0 0.021739130434782608
2558.0 2343.0
2558.0 0.02040816326530612
2558.0 2005.0
2558.0 0.013888888888888888
2558.0 2121.0
2558.0 2257.0
2558.0 2185.0
2558.0 0.009009009009009009
2558.0 0.047619047619047616
2558.0 2346.0
2558.0 0.02
2558.0 2252.0
2558.0 2192.0
2558.0 2325.0
2558.0 2344.0
