1514.0 6.389776357827476E-4
1791.0 1045.0
2178.0 0.008849557522123894
2224.0 0.017543859649122806
2299.0 0.010638297872340425
2331.0 0.011627906976744186
2402.0 0.004830917874396135
2402.0 2061.0
2436.0 1806.0
2436.0 0.005952380952380952
2450.0 2192.0
2450.0 0.027777777777777776
2450.0 0.013513513513513514
2450.0 2079.0
2450.0 0.00423728813559322
2450.0 0.0036496350364963502
2450.0 0.015625
2450.0 2338.0
2450.0 2123.0
2450.0 2341.0
2477.0 0.014285714285714285
2477.0 2216.0
2477.0 2159.0
2479.0 0.029411764705882353
2479.0 2298.0
2485.0 0.017857142857142856
2485.0 0.05263157894736842
2485.0 2206.0
2487.0 0.004166666666666667
2487.0 2270.0
2499.0 0.02127659574468085
2499.0 0.009009009009009009
2499.0 0.00909090909090909
2499.0 0.3333333333333333
2499.0 2224.0
2499.0 0.018518518518518517
2499.0 0.07142857142857142
2499.0 0.008620689655172414
2499.0 0.037037037037037035
2514.0 0.5
2522.0 0.005813953488372093
2522.0 0.012987012987012988
2522.0 0.1111111111111111
2528.0 0.02857142857142857
2528.0 2318.0
2528.0 2375.0
2536.0 2470.0
2536.0 0.017857142857142856
2536.0 2337.0
2536.0 0.01639344262295082
2536.0 0.02
2536.0 0.010638297872340425
2536.0 0.023255813953488372
2536.0 0.00847457627118644
2536.0 2258.0
2536.0 0.0072992700729927005
2536.0 0.25
2536.0 0.012195121951219513
2536.0 0.005988023952095809
2536.0 0.041666666666666664
2536.0 0.007194244604316547
2536.0 0.008403361344537815
2536.0 0.010752688172043012
2536.0 0.07692307692307693
2536.0 0.011235955056179775
2536.0 0.01639344262295082
2536.0 0.005434782608695652
2536.0 0.0047169811320754715
2536.0 0.011235955056179775
2536.0 2292.0
2536.0 2046.0
2536.0 0.0070921985815602835
2536.0 0.007751937984496124
2536.0 0.008403361344537815
2542.0 0.005649717514124294
2542.0 0.01639344262295082
2542.0 0.017857142857142856
2542.0 0.007874015748031496
2542.0 0.0028328611898017
2542.0 0.012658227848101266
2542.0 0.011363636363636364
2542.0 0.02
2542.0 0.007874015748031496
2542.0 0.005649717514124294
2542.0 0.03333333333333333
2542.0 2265.0
2542.0 0.0026595744680851063
2542.0 0.003676470588235294
2542.0 0.009259259259259259
2542.0 0.00684931506849315
2542.0 0.007142857142857143
2542.0 0.012195121951219513
2542.0 0.02631578947368421
2542.0 0.016666666666666666
2542.0 0.005494505494505495
2542.0 0.013888888888888888
2542.0 0.004672897196261682
2542.0 0.03225806451612903
2542.0 0.01282051282051282
2542.0 0.013157894736842105
2542.0 0.02040816326530612
2542.0 0.010309278350515464
2542.0 0.013157894736842105
2542.0 0.009259259259259259
2542.0 0.005263157894736842
2542.0 0.009259259259259259
2542.0 0.009259259259259259
2542.0 0.017857142857142856
2542.0 2286.0
2542.0 0.013513513513513514
2542.0 0.01098901098901099
2542.0 0.02040816326530612
2542.0 0.011494252873563218
2542.0 2451.0
2542.0 0.009009009009009009
2542.0 0.009009009009009009
2542.0 0.011904761904761904
2542.0 2349.0
2542.0 0.0031746031746031746
2542.0 0.010309278350515464
2542.0 0.021739130434782608
2542.0 0.007407407407407408
2542.0 0.004761904761904762
2542.0 0.01098901098901099
2542.0 0.009009009009009009
2542.0 0.009259259259259259
2542.0 0.007142857142857143
2542.0 0.0040650406504065045
2542.0 0.007751937984496124
2542.0 0.008849557522123894
2542.0 0.024390243902439025
2542.0 0.017241379310344827
2542.0 0.00684931506849315
2542.0 0.01098901098901099
2542.0 0.011904761904761904
2542.0 0.013333333333333334
2542.0 0.009009009009009009
2542.0 0.007462686567164179
2542.0 0.013157894736842105
2542.0 0.010309278350515464
2542.0 0.0037313432835820895
2544.0 0.005434782608695652
2544.0 2323.0
2544.0 2389.0
2544.0 2468.0
2544.0 0.015625
2544.0 0.00847457627118644
2544.0 0.012345679012345678
2544.0 2463.0
2544.0 0.008064516129032258
2544.0 0.0078125
2544.0 2380.0
2550.0 0.0032679738562091504
2550.0 0.0625
2550.0 0.004545454545454545
2550.0 0.008403361344537815
2550.0 0.0038461538461538464
2550.0 0.022222222222222223
2550.0 0.012048192771084338
2550.0 2392.0
2550.0 2458.0
2550.0 2380.0
2550.0 2466.0
2550.0 0.007194244604316547
2550.0 2473.0
2550.0 2357.0
2550.0 0.006060606060606061
2550.0 0.0029850746268656717
2550.0 0.004545454545454545
2550.0 2263.0
2558.0 0.02702702702702703
2558.0 2340.0
2558.0 2248.0
2558.0 0.3333333333333333
2558.0 2458.0
2558.0 0.07142857142857142
2558.0 2445.0
2558.0 2404.0
2558.0 2463.0
2558.0 0.010101010101010102
2558.0 0.022727272727272728
2558.0 2097.0
2558.0 0.014285714285714285
2558.0 0.008620689655172414
2558.0 2359.0
2558.0 0.015873015873015872
2558.0 0.010752688172043012
2558.0 0.015384615384615385
2558.0 0.016666666666666666
2558.0 2440.0
2558.0 0.25
2558.0 0.009009009009009009
2558.0 0.021739130434782608
2558.0 2430.0
2558.0 0.006535947712418301
2558.0 0.022222222222222223
2558.0 2149.0
2558.0 0.022222222222222223
2558.0 2238.0
2558.0 0.00684931506849315
2558.0 2007.0
2558.0 2083.0
2558.0 0.016129032258064516
2558.0 0.027777777777777776
2558.0 1972.0
2558.0 0.005780346820809248
2558.0 0.021739130434782608
2558.0 1941.0
2558.0 1866.0
2558.0 0.05555555555555555
2558.0 0.05263157894736842
2558.0 0.0078125
2558.0 0.07142857142857142
2558.0 0.02702702702702703
2558.0 0.007692307692307693
2558.0 1749.0
2558.0 1875.0
2558.0 1941.0
2558.0 1997.0
2558.0 2057.0
2558.0 2412.0
2558.0 2459.0
2558.0 2323.0
2558.0 2459.0
2558.0 2476.0
2558.0 2473.0
2558.0 0.06666666666666667
2558.0 0.006622516556291391
2558.0 0.02702702702702703
2558.0 0.014925373134328358
2558.0 0.018518518518518517
2558.0 2512.0
2558.0 2138.0
2558.0 2453.0
2558.0 2280.0
2558.0 0.005376344086021506
2558.0 2213.0
2558.0 2384.0
2558.0 0.005813953488372093
2558.0 2352.0
2558.0 0.02040816326530612
2558.0 0.125
2558.0 0.0036101083032490976
2558.0 0.008547008547008548
2558.0 2420.0
2558.0 2434.0
2558.0 2357.0
2558.0 0.02631578947368421
2558.0 0.08333333333333333
2558.0 2337.0
2558.0 0.5
2558.0 0.125
2558.0 2360.0
2558.0 0.125
2558.0 2296.0
2558.0 0.022222222222222223
2558.0 0.008547008547008548
2558.0 2305.0
2558.0 0.05
2558.0 0.14285714285714285
2558.0 2132.0
2558.0 2405.0
2558.0 2344.0
2558.0 0.00684931506849315
2558.0 2357.0
2558.0 2472.0
2558.0 0.013888888888888888
2558.0 2467.0
2558.0 0.011764705882352941
2558.0 0.015625
2558.0 0.004694835680751174
2558.0 0.004291845493562232
2558.0 0.01020408163265306
2558.0 0.017857142857142856
2558.0 0.041666666666666664
2558.0 0.030303030303030304
2558.0 2333.0
2558.0 0.011363636363636364
2558.0 0.05263157894736842
2558.0 0.05555555555555555
2558.0 0.008264462809917356
2558.0 0.022222222222222223
2558.0 0.02631578947368421
2558.0 2356.0
2558.0 0.008928571428571428
2558.0 0.01
2558.0 0.007462686567164179
2558.0 2238.0
2558.0 0.007518796992481203
2558.0 0.011235955056179775
2558.0 0.09090909090909091
2558.0 0.008620689655172414
2558.0 2471.0
2558.0 0.01818181818181818
2558.0 0.5
2558.0 2458.0
2558.0 2450.0
2558.0 2402.0
2558.0 0.041666666666666664
2558.0 0.017543859649122806
