1520.0 7.380073800738007E-4
1850.0 9.49667616334283E-4
2043.0 1525.0
2151.0 0.0035087719298245615
2158.0 0.0072992700729927005
2334.0 0.011764705882352941
2404.0 0.007194244604316547
2404.0 2033.0
2404.0 2027.0
2422.0 0.014492753623188406
2422.0 2142.0
2422.0 2274.0
2425.0 0.006622516556291391
2445.0 2159.0
2483.0 2202.0
2483.0 2165.0
2483.0 0.0041841004184100415
2483.0 0.015625
2483.0 1763.0
2483.0 0.009615384615384616
2485.0 0.011494252873563218
2485.0 0.01639344262295082
2500.0 0.00684931506849315
2500.0 0.029411764705882353
2500.0 0.005319148936170213
2508.0 0.0125
2510.0 0.00684931506849315
2510.0 0.006024096385542169
2510.0 0.03125
2510.0 0.07142857142857142
2510.0 0.058823529411764705
2510.0 0.014925373134328358
2510.0 0.016129032258064516
2510.0 0.013157894736842105
2510.0 0.025
2510.0 0.012195121951219513
2522.0 0.006369426751592357
2522.0 0.01098901098901099
2522.0 0.07142857142857142
2539.0 0.058823529411764705
2539.0 2040.0
2539.0 0.007246376811594203
2539.0 0.07692307692307693
2539.0 2282.0
2539.0 0.010869565217391304
2546.0 0.00980392156862745
2546.0 0.007194244604316547
2546.0 0.01282051282051282
2546.0 2066.0
2546.0 0.008064516129032258
2546.0 0.012345679012345678
2546.0 0.00641025641025641
2546.0 0.047619047619047616
2546.0 0.023809523809523808
2546.0 2032.0
2546.0 0.015151515151515152
2546.0 0.014084507042253521
2546.0 0.08333333333333333
2546.0 2231.0
2546.0 2398.0
2546.0 2294.0
2553.0 0.034482758620689655
2556.0 0.012345679012345678
2556.0 2409.0
2556.0 2308.0
2556.0 0.007194244604316547
2556.0 2481.0
2556.0 0.045454545454545456
2556.0 0.015625
2556.0 0.02702702702702703
2556.0 0.0072992700729927005
2558.0 0.005128205128205128
2558.0 0.005714285714285714
2558.0 2431.0
2558.0 0.010638297872340425
2558.0 0.03225806451612903
2558.0 2409.0
2558.0 2435.0
2558.0 0.010309278350515464
2558.0 0.004347826086956522
2558.0 0.017241379310344827
2558.0 0.022727272727272728
2558.0 2371.0
2558.0 2428.0
2558.0 0.02631578947368421
2558.0 0.3333333333333333
2558.0 0.02564102564102564
2558.0 2258.0
2558.0 2360.0
2558.0 2264.0
2558.0 2289.0
2558.0 0.02
2558.0 0.14285714285714285
2558.0 0.02564102564102564
2558.0 0.022222222222222223
2558.0 2455.0
2558.0 2460.0
2558.0 2345.0
2558.0 0.058823529411764705
2558.0 2420.0
2558.0 0.004366812227074236
2558.0 0.0625
2558.0 0.0051813471502590676
2558.0 2424.0
2558.0 2489.0
2558.0 0.00684931506849315
2558.0 2428.0
2558.0 0.020833333333333332
2558.0 0.014285714285714285
2558.0 0.007518796992481203
2558.0 2375.0
2558.0 2338.0
2558.0 0.014925373134328358
2558.0 0.0625
2558.0 0.005681818181818182
2558.0 2398.0
2558.0 0.011494252873563218
2558.0 0.0047169811320754715
2558.0 0.019230769230769232
2558.0 2258.0
2558.0 0.006172839506172839
2558.0 0.010869565217391304
2558.0 0.007874015748031496
2558.0 0.006211180124223602
2558.0 0.0196078431372549
2558.0 2416.0
2558.0 0.02040816326530612
2558.0 0.009259259259259259
2558.0 0.0035335689045936395
2558.0 0.07142857142857142
2558.0 0.007042253521126761
2558.0 0.0051813471502590676
2558.0 2347.0
2558.0 2231.0
2558.0 0.024390243902439025
2558.0 0.010416666666666666
2558.0 0.0038314176245210726
2558.0 0.006211180124223602
2558.0 0.022222222222222223
2558.0 0.038461538461538464
2558.0 0.00390625
2558.0 0.0125
2558.0 0.16666666666666666
2558.0 0.022222222222222223
2558.0 0.005263157894736842
2558.0 2418.0
2558.0 0.058823529411764705
2558.0 0.08333333333333333
2558.0 2461.0
2558.0 2495.0
2558.0 0.043478260869565216
2558.0 0.010638297872340425
2558.0 2408.0
2558.0 2463.0
2558.0 0.1111111111111111
2558.0 0.05555555555555555
2558.0 0.014925373134328358
2558.0 2497.0
2558.0 0.007142857142857143
2558.0 2395.0
2558.0 0.011904761904761904
2558.0 2431.0
2558.0 2443.0
2558.0 2512.0
2558.0 2446.0
2558.0 0.02564102564102564
2558.0 2096.0
2558.0 0.08333333333333333
2558.0 0.014925373134328358
2558.0 0.009345794392523364
2558.0 2461.0
2558.0 0.012195121951219513
2558.0 2412.0
2558.0 2282.0
2558.0 0.045454545454545456
2558.0 0.045454545454545456
2558.0 0.018867924528301886
2558.0 0.02127659574468085
2558.0 0.010416666666666666
2558.0 0.006134969325153374
2558.0 2300.0
2558.0 2376.0
2558.0 0.038461538461538464
2558.0 0.023809523809523808
2558.0 2471.0
2558.0 2418.0
2558.0 2423.0
2558.0 0.005747126436781609
2558.0 0.007142857142857143
2558.0 0.014285714285714285
2558.0 0.043478260869565216
2558.0 2229.0
2558.0 0.05555555555555555
2558.0 0.009259259259259259
2558.0 0.007246376811594203
2558.0 0.02857142857142857
2558.0 0.022222222222222223
2558.0 0.006711409395973154
2558.0 0.02
2558.0 0.05
2558.0 2366.0
2558.0 0.022727272727272728
2558.0 0.017241379310344827
2558.0 0.006535947712418301
2558.0 2240.0
2558.0 2516.0
2558.0 2215.0
2558.0 2508.0
2558.0 2468.0
2558.0 0.02564102564102564
2558.0 2444.0
2558.0 0.010309278350515464
2558.0 0.015151515151515152
2558.0 0.015384615384615385
2558.0 0.034482758620689655
2558.0 0.3333333333333333
2558.0 2492.0
2558.0 0.007518796992481203
2558.0 0.037037037037037035
2558.0 0.01098901098901099
2558.0 0.003424657534246575
2558.0 2452.0
2558.0 2359.0
2558.0 0.01694915254237288
2558.0 0.024390243902439025
2558.0 0.012048192771084338
2558.0 2198.0
2558.0 2349.0
2558.0 2530.0
2558.0 2480.0
2558.0 0.010416666666666666
2558.0 2456.0
2558.0 0.0035335689045936395
2558.0 2446.0
2558.0 0.007042253521126761
2558.0 2417.0
2558.0 0.011764705882352941
2558.0 0.013888888888888888
2558.0 2210.0
2558.0 0.010526315789473684
2558.0 0.010752688172043012
2558.0 0.004901960784313725
2558.0 0.038461538461538464
2558.0 0.034482758620689655
2558.0 0.013157894736842105
2558.0 0.007352941176470588
2558.0 0.01098901098901099
2558.0 0.5
2558.0 0.014084507042253521
2558.0 0.00980392156862745
2558.0 0.021739130434782608
2558.0 0.05
2558.0 0.04
2558.0 0.047619047619047616
2558.0 0.00558659217877095
2558.0 0.034482758620689655
2558.0 0.011627906976744186
2558.0 0.02127659574468085
2558.0 0.02857142857142857
2558.0 0.011494252873563218
2558.0 0.07142857142857142
2558.0 0.010752688172043012
2558.0 0.01
2558.0 0.009259259259259259
2558.0 0.010101010101010102
2558.0 0.05
2558.0 0.010309278350515464
2558.0 0.02631578947368421
2558.0 0.016666666666666666
2558.0 0.013157894736842105
2558.0 2267.0
2558.0 0.058823529411764705
2558.0 2138.0
2558.0 0.0070921985815602835
2558.0 0.009174311926605505
2558.0 0.007874015748031496
2558.0 0.007751937984496124
2558.0 0.02702702702702703
2558.0 0.013157894736842105
2558.0 0.010309278350515464
2558.0 0.04
2558.0 0.14285714285714285
2558.0 0.01282051282051282
2558.0 2381.0
2558.0 2212.0
2558.0 0.010101010101010102
2558.0 0.018518518518518517
2558.0 0.006756756756756757
2558.0 0.034482758620689655
2558.0 0.07142857142857142
2558.0 2165.0
2558.0 2202.0
2558.0 0.034482758620689655
2558.0 0.034482758620689655
2558.0 0.05
2558.0 2393.0
2558.0 0.009708737864077669
2558.0 2411.0
2558.0 0.012345679012345678
2558.0 0.009708737864077669
