1528.0 7.892659826361484E-4
1716.0 0.008771929824561403
1820.0 0.01282051282051282
2120.0 0.004048582995951417
2383.0 1843.0
2383.0 0.07142857142857142
2383.0 1959.0
2387.0 2205.0
2442.0 0.005025125628140704
2456.0 0.011627906976744186
2457.0 0.009523809523809525
2457.0 2267.0
2491.0 0.0038022813688212928
2491.0 0.02857142857142857
2509.0 0.009900990099009901
2509.0 0.05
2534.0 0.015625
2534.0 2287.0
2541.0 0.05555555555555555
2541.0 0.011363636363636364
2541.0 2389.0
2541.0 0.016129032258064516
2542.0 0.0036231884057971015
2542.0 0.005681818181818182
2542.0 0.0136986301369863
2542.0 0.0196078431372549
2542.0 2303.0
2549.0 0.00641025641025641
2549.0 0.022222222222222223
2549.0 0.04
2549.0 2463.0
2549.0 2488.0
2549.0 2148.0
2549.0 0.008695652173913044
2549.0 0.004807692307692308
2549.0 0.00398406374501992
2549.0 0.08333333333333333
2549.0 0.007751937984496124
2549.0 2341.0
2550.0 0.005747126436781609
2550.0 0.011111111111111112
2550.0 0.01098901098901099
2550.0 0.058823529411764705
2550.0 0.018867924528301886
2550.0 0.027777777777777776
2550.0 0.2
2550.0 2251.0
2550.0 0.017543859649122806
2550.0 0.006711409395973154
2550.0 0.2
2550.0 2411.0
2550.0 2372.0
2550.0 0.018867924528301886
2550.0 2292.0
2550.0 0.0078125
2550.0 0.05
2550.0 0.25
2550.0 0.03571428571428571
2550.0 2373.0
2550.0 2474.0
2550.0 2403.0
2550.0 0.029411764705882353
2550.0 2372.0
2550.0 2420.0
2550.0 2324.0
2550.0 0.02857142857142857
2550.0 0.018867924528301886
2550.0 0.005050505050505051
2550.0 0.005555555555555556
2550.0 0.014084507042253521
2550.0 0.041666666666666664
2550.0 0.021739130434782608
2550.0 0.018867924528301886
2550.0 2353.0
2550.0 0.038461538461538464
2550.0 0.006493506493506494
2550.0 2400.0
2556.0 0.006024096385542169
2556.0 0.014084507042253521
2556.0 0.004291845493562232
2556.0 0.038461538461538464
2556.0 2394.0
2556.0 0.0196078431372549
2556.0 2213.0
2556.0 2053.0
2556.0 0.0064516129032258064
2556.0 2331.0
2556.0 2358.0
2556.0 0.022727272727272728
2556.0 0.019230769230769232
2556.0 0.027777777777777776
2556.0 2195.0
2556.0 0.00819672131147541
2556.0 0.045454545454545456
2556.0 0.011111111111111112
2556.0 0.01694915254237288
2556.0 0.007194244604316547
2556.0 0.043478260869565216
2556.0 0.008620689655172414
2556.0 0.016129032258064516
2556.0 0.010101010101010102
2556.0 0.005649717514124294
2556.0 0.013888888888888888
2556.0 0.02
2556.0 2431.0
2556.0 0.037037037037037035
2556.0 0.006666666666666667
2556.0 0.005714285714285714
2556.0 0.005291005291005291
2556.0 2278.0
2556.0 0.1111111111111111
2556.0 2313.0
2556.0 0.008771929824561403
2556.0 0.0072992700729927005
2556.0 0.007246376811594203
2556.0 0.011764705882352941
2556.0 2204.0
2556.0 0.0072992700729927005
2556.0 2118.0
2556.0 0.030303030303030304
2556.0 0.014925373134328358
2556.0 0.004219409282700422
2556.0 0.01098901098901099
2556.0 0.021739130434782608
2556.0 0.012658227848101266
2556.0 0.01818181818181818
2558.0 2369.0
2558.0 2407.0
2558.0 2315.0
2558.0 0.05263157894736842
2558.0 2436.0
2558.0 2411.0
2558.0 2367.0
2558.0 0.013157894736842105
2558.0 2469.0
2558.0 0.009009009009009009
2558.0 0.00909090909090909
2558.0 0.029411764705882353
2558.0 2416.0
2558.0 2369.0
2558.0 2418.0
2558.0 0.012345679012345678
2558.0 0.018518518518518517
2558.0 2425.0
2558.0 0.00684931506849315
2558.0 0.125
2558.0 2326.0
2558.0 2346.0
2558.0 0.019230769230769232
2558.0 2302.0
2558.0 0.011764705882352941
2558.0 0.012345679012345678
2558.0 0.01694915254237288
2558.0 0.02857142857142857
2558.0 0.010869565217391304
2558.0 0.024390243902439025
2558.0 0.007246376811594203
2558.0 0.043478260869565216
2558.0 0.01098901098901099
2558.0 0.045454545454545456
2558.0 0.1111111111111111
2558.0 0.004424778761061947
2558.0 2323.0
2558.0 2268.0
2558.0 0.010752688172043012
2558.0 0.017857142857142856
2558.0 0.006993006993006993
2558.0 0.006993006993006993
2558.0 0.006756756756756757
2558.0 0.007246376811594203
2558.0 0.011904761904761904
2558.0 2146.0
2558.0 0.008771929824561403
2558.0 0.05263157894736842
2558.0 0.007462686567164179
2558.0 0.006289308176100629
2558.0 0.008264462809917356
2558.0 0.008547008547008548
2558.0 0.0031645569620253164
2558.0 1950.0
2558.0 0.009345794392523364
2558.0 2140.0
2558.0 0.02
2558.0 0.01020408163265306
2558.0 0.010416666666666666
2558.0 0.007518796992481203
2558.0 0.01098901098901099
2558.0 0.007575757575757576
2558.0 2111.0
2558.0 0.030303030303030304
2558.0 2281.0
2558.0 0.007246376811594203
2558.0 0.016666666666666666
2558.0 0.029411764705882353
2558.0 0.007633587786259542
2558.0 0.007936507936507936
2558.0 0.014285714285714285
2558.0 0.00510204081632653
2558.0 0.005780346820809248
2558.0 0.017241379310344827
2558.0 0.00684931506849315
2558.0 0.02040816326530612
2558.0 1831.0
2558.0 0.017857142857142856
2558.0 0.007518796992481203
2558.0 2003.0
2558.0 0.005434782608695652
2558.0 0.014285714285714285
2558.0 0.007633587786259542
2558.0 0.004132231404958678
2558.0 1966.0
2558.0 0.07692307692307693
2558.0 0.01282051282051282
2558.0 0.010309278350515464
2558.0 0.03125
2558.0 1993.0
2558.0 0.005434782608695652
2558.0 0.003816793893129771
2558.0 0.014925373134328358
2558.0 0.0049261083743842365
2558.0 0.02040816326530612
2558.0 0.014492753623188406
2558.0 0.007246376811594203
2558.0 0.006172839506172839
2558.0 2092.0
2558.0 0.006944444444444444
2558.0 0.004901960784313725
2558.0 0.014285714285714285
2558.0 2095.0
2558.0 0.006578947368421052
2558.0 0.017857142857142856
2558.0 0.019230769230769232
2558.0 0.005780346820809248
2558.0 0.007751937984496124
2558.0 0.0078125
2558.0 0.004484304932735426
2558.0 2136.0
2558.0 1860.0
2558.0 1983.0
2558.0 2064.0
2558.0 0.011904761904761904
2558.0 0.01098901098901099
2558.0 0.009523809523809525
2558.0 0.00558659217877095
2558.0 0.013157894736842105
2558.0 0.00625
2558.0 0.0049261083743842365
2558.0 0.006211180124223602
2558.0 0.017857142857142856
2558.0 0.03571428571428571
2558.0 0.005847953216374269
2558.0 0.006329113924050633
2558.0 1971.0
2558.0 1922.0
2558.0 0.037037037037037035
2558.0 0.037037037037037035
2558.0 0.037037037037037035
2558.0 2077.0
2558.0 0.0036231884057971015
2558.0 0.006578947368421052
2558.0 0.005319148936170213
2558.0 0.01098901098901099
2558.0 0.011494252873563218
2558.0 0.01818181818181818
2558.0 2086.0
2558.0 0.0136986301369863
2558.0 0.03571428571428571
2558.0 0.03225806451612903
2558.0 0.00625
2558.0 0.02
2558.0 0.010638297872340425
2558.0 0.007874015748031496
2558.0 2323.0
2558.0 1886.0
2558.0 0.004273504273504274
2558.0 0.037037037037037035
2558.0 0.021739130434782608
2558.0 2398.0
2558.0 2142.0
2558.0 0.014285714285714285
2558.0 0.012658227848101266
2558.0 2289.0
2558.0 0.007246376811594203
2558.0 0.03571428571428571
2558.0 2276.0
2558.0 0.02631578947368421
2558.0 0.05
2558.0 0.013157894736842105
2558.0 0.0196078431372549
2558.0 0.027777777777777776
2558.0 0.005050505050505051
2558.0 0.013157894736842105
2558.0 0.01098901098901099
2558.0 2204.0
2558.0 0.005050505050505051
2558.0 0.017857142857142856
2558.0 1843.0
2558.0 0.007462686567164179
2558.0 0.013157894736842105
2558.0 0.05555555555555555
