1506.0 7.380073800738007E-4
2082.0 1316.0
2082.0 0.006097560975609756
2261.0 0.0136986301369863
2266.0 0.004219409282700422
2319.0 0.030303030303030304
2344.0 0.007633587786259542
2402.0 1788.0
2424.0 0.017241379310344827
2424.0 0.011764705882352941
2424.0 0.005319148936170213
2424.0 0.006993006993006993
2424.0 0.006289308176100629
2424.0 0.0033222591362126247
2461.0 0.022727272727272728
2461.0 2112.0
2461.0 0.02127659574468085
2514.0 0.006289308176100629
2514.0 0.0056179775280898875
2521.0 2412.0
2521.0 2150.0
2527.0 2344.0
2529.0 0.05555555555555555
2529.0 0.041666666666666664
2529.0 0.023255813953488372
2529.0 0.007352941176470588
2529.0 0.009009009009009009
2529.0 0.014285714285714285
2535.0 2325.0
2549.0 0.005714285714285714
2549.0 0.038461538461538464
2549.0 2291.0
2549.0 0.0136986301369863
2549.0 0.006211180124223602
2549.0 0.010309278350515464
2549.0 0.009523809523809525
2549.0 0.0136986301369863
2549.0 0.008403361344537815
2549.0 0.007246376811594203
2549.0 0.14285714285714285
2549.0 0.01098901098901099
2549.0 0.012658227848101266
2549.0 0.007874015748031496
2549.0 0.006666666666666667
2549.0 0.010309278350515464
2549.0 0.011627906976744186
2549.0 0.006993006993006993
2549.0 0.008620689655172414
2549.0 0.0064516129032258064
2549.0 0.038461538461538464
2556.0 0.005376344086021506
2556.0 0.006756756756756757
2556.0 2262.0
2556.0 0.012195121951219513
2556.0 2470.0
2556.0 2410.0
2556.0 2342.0
2556.0 2462.0
2556.0 2464.0
2556.0 2468.0
2558.0 2456.0
2558.0 2391.0
2558.0 2429.0
2558.0 2420.0
2558.0 0.07692307692307693
2558.0 2556.0
2558.0 0.023809523809523808
2558.0 0.014925373134328358
2558.0 2224.0
2558.0 2492.0
2558.0 0.1111111111111111
2558.0 0.027777777777777776
2558.0 2422.0
2558.0 2473.0
2558.0 0.019230769230769232
2558.0 0.007194244604316547
2558.0 0.05555555555555555
2558.0 2434.0
2558.0 0.022222222222222223
2558.0 0.05
2558.0 0.004032258064516129
2558.0 2133.0
2558.0 0.04
2558.0 2283.0
2558.0 0.034482758620689655
2558.0 2373.0
2558.0 0.034482758620689655
2558.0 2347.0
2558.0 0.05263157894736842
2558.0 0.007575757575757576
2558.0 0.03225806451612903
2558.0 2411.0
2558.0 0.006802721088435374
2558.0 2450.0
2558.0 2316.0
2558.0 2455.0
2558.0 0.07692307692307693
2558.0 2384.0
2558.0 0.05555555555555555
2558.0 2367.0
2558.0 0.045454545454545456
2558.0 2315.0
2558.0 0.015151515151515152
2558.0 2414.0
2558.0 2450.0
2558.0 2399.0
2558.0 0.017241379310344827
2558.0 2501.0
2558.0 0.037037037037037035
2558.0 0.05
2558.0 2503.0
2558.0 2478.0
2558.0 2433.0
2558.0 2457.0
2558.0 0.02127659574468085
2558.0 0.3333333333333333
2558.0 2484.0
2558.0 2506.0
2558.0 2476.0
2558.0 0.03333333333333333
2558.0 2408.0
2558.0 0.14285714285714285
2558.0 0.125
2558.0 2372.0
2558.0 2344.0
2558.0 2486.0
2558.0 0.043478260869565216
2558.0 0.058823529411764705
2558.0 2532.0
2558.0 2487.0
2558.0 2450.0
2558.0 0.012658227848101266
2558.0 0.02564102564102564
2558.0 2372.0
2558.0 0.00684931506849315
2558.0 2376.0
2558.0 0.25
2558.0 2450.0
2558.0 2407.0
2558.0 0.015625
2558.0 0.07692307692307693
2558.0 2501.0
2558.0 2510.0
2558.0 2438.0
2558.0 2512.0
2558.0 0.009174311926605505
2558.0 2362.0
2558.0 2318.0
2558.0 2446.0
2558.0 2179.0
2558.0 2394.0
2558.0 0.14285714285714285
2558.0 0.08333333333333333
2558.0 0.1
2558.0 0.027777777777777776
2558.0 0.3333333333333333
2558.0 2422.0
2558.0 2419.0
2558.0 2348.0
2558.0 0.013888888888888888
2558.0 2419.0
2558.0 0.011111111111111112
2558.0 0.006211180124223602
2558.0 0.1111111111111111
2558.0 0.0072992700729927005
2558.0 2275.0
2558.0 2162.0
2558.0 0.018518518518518517
2558.0 2425.0
2558.0 2319.0
2558.0 0.09090909090909091
2558.0 0.019230769230769232
2558.0 2401.0
2558.0 2444.0
2558.0 0.018518518518518517
2558.0 0.020833333333333332
2558.0 0.0051813471502590676
2558.0 0.02
2558.0 0.02127659574468085
2558.0 2441.0
2558.0 2396.0
2558.0 0.02127659574468085
2558.0 2070.0
2558.0 0.024390243902439025
2558.0 0.041666666666666664
2558.0 2428.0
2558.0 2415.0
2558.0 0.004424778761061947
2558.0 0.007246376811594203
2558.0 0.3333333333333333
2558.0 2301.0
2558.0 2222.0
2558.0 2393.0
2558.0 2434.0
2558.0 0.013888888888888888
2558.0 2356.0
2558.0 0.011363636363636364
2558.0 0.009523809523809525
2558.0 0.022727272727272728
2558.0 0.0051813471502590676
2558.0 2473.0
2558.0 2327.0
2558.0 2207.0
2558.0 0.012987012987012988
2558.0 2134.0
2558.0 0.008849557522123894
2558.0 0.016129032258064516
2558.0 0.011111111111111112
2558.0 0.011363636363636364
2558.0 0.03571428571428571
2558.0 0.0036496350364963502
2558.0 0.005235602094240838
2558.0 0.02631578947368421
2558.0 0.1111111111111111
2558.0 2423.0
2558.0 0.017857142857142856
2558.0 0.09090909090909091
2558.0 2327.0
2558.0 2440.0
2558.0 2182.0
2558.0 2322.0
2558.0 0.009615384615384616
2558.0 0.01282051282051282
2558.0 0.006329113924050633
2558.0 1904.0
2558.0 0.015384615384615385
2558.0 2341.0
2558.0 0.2
2558.0 2307.0
2558.0 2340.0
2558.0 0.029411764705882353
2558.0 2354.0
2558.0 0.02
2558.0 2315.0
2558.0 0.005263157894736842
2558.0 0.01639344262295082
2558.0 0.014925373134328358
2558.0 0.009009009009009009
2558.0 0.012987012987012988
2558.0 2342.0
2558.0 0.25
2558.0 0.008849557522123894
2558.0 2403.0
2558.0 0.03571428571428571
2558.0 0.1111111111111111
2558.0 2267.0
2558.0 2134.0
2558.0 2356.0
2558.0 0.015625
2558.0 2136.0
2558.0 0.012658227848101266
2558.0 0.0056179775280898875
2558.0 0.007936507936507936
2558.0 2312.0
2558.0 0.009523809523809525
2558.0 2215.0
2558.0 0.0037593984962406013
2558.0 0.01282051282051282
2558.0 0.007575757575757576
2558.0 0.005076142131979695
2558.0 0.0064516129032258064
2558.0 0.0078125
2558.0 0.020833333333333332
2558.0 0.01098901098901099
2558.0 2166.0
2558.0 2349.0
2558.0 0.045454545454545456
2558.0 0.02857142857142857
2558.0 0.027777777777777776
2558.0 0.047619047619047616
2558.0 2099.0
2558.0 0.011764705882352941
2558.0 2309.0
2558.0 0.007633587786259542
2558.0 0.047619047619047616
2558.0 0.013157894736842105
2558.0 0.006535947712418301
2558.0 0.0136986301369863
2558.0 0.007246376811594203
2558.0 0.025
2558.0 2303.0
2558.0 0.05
2558.0 2330.0
2558.0 0.1111111111111111
2558.0 0.1111111111111111
2558.0 2433.0
2558.0 0.027777777777777776
2558.0 2438.0
2558.0 2207.0
2558.0 0.1111111111111111
2558.0 2325.0
2558.0 2183.0
2558.0 0.008620689655172414
2558.0 0.005714285714285714
2558.0 2093.0
2558.0 1900.0
2558.0 0.012195121951219513
2558.0 0.05555555555555555
2558.0 0.008695652173913044
2558.0 0.09090909090909091
