1580.0 6.548788474132286E-4
1961.0 1168.0
2129.0 0.005128205128205128
2283.0 0.008620689655172414
2323.0 0.004524886877828055
2354.0 0.007462686567164179
2354.0 0.005681818181818182
2396.0 0.005952380952380952
2396.0 0.0055248618784530384
2463.0 0.012195121951219513
2486.0 0.012658227848101266
2486.0 0.017857142857142856
2508.0 2348.0
2508.0 2313.0
2526.0 0.019230769230769232
2526.0 0.022222222222222223
2526.0 0.019230769230769232
2526.0 0.011494252873563218
2526.0 0.006622516556291391
2526.0 2303.0
2526.0 2079.0
2526.0 0.011494252873563218
2526.0 0.003389830508474576
2526.0 0.013157894736842105
2526.0 0.008771929824561403
2526.0 2053.0
2526.0 2093.0
2537.0 0.008130081300813009
2537.0 2354.0
2537.0 0.013513513513513514
2543.0 0.007936507936507936
2543.0 0.011764705882352941
2543.0 0.00909090909090909
2543.0 2430.0
2543.0 2256.0
2543.0 2433.0
2547.0 0.011235955056179775
2548.0 0.1111111111111111
2548.0 0.0064516129032258064
2548.0 0.023809523809523808
2549.0 2339.0
2556.0 0.5
2556.0 0.009433962264150943
2556.0 2386.0
2556.0 2387.0
2558.0 0.014285714285714285
2558.0 0.011764705882352941
2558.0 0.007246376811594203
2558.0 0.004273504273504274
2558.0 0.011363636363636364
2558.0 2349.0
2558.0 0.007874015748031496
2558.0 0.017241379310344827
2558.0 0.02040816326530612
2558.0 0.1
2558.0 0.01282051282051282
2558.0 2381.0
2558.0 0.012987012987012988
2558.0 0.014285714285714285
2558.0 0.007874015748031496
2558.0 2189.0
2558.0 0.07142857142857142
2558.0 2430.0
2558.0 0.018518518518518517
2558.0 0.012345679012345678
2558.0 0.030303030303030304
2558.0 0.025
2558.0 2258.0
2558.0 0.037037037037037035
2558.0 0.045454545454545456
2558.0 0.017857142857142856
2558.0 2418.0
2558.0 2442.0
2558.0 0.006711409395973154
2558.0 0.022222222222222223
2558.0 2339.0
2558.0 0.008928571428571428
2558.0 0.029411764705882353
2558.0 2103.0
2558.0 2355.0
2558.0 0.015384615384615385
2558.0 2469.0
2558.0 0.009708737864077669
2558.0 2289.0
2558.0 0.03225806451612903
2558.0 2445.0
2558.0 0.006578947368421052
2558.0 0.017241379310344827
2558.0 0.07142857142857142
2558.0 2310.0
2558.0 2408.0
2558.0 2334.0
2558.0 2496.0
2558.0 2404.0
2558.0 2410.0
2558.0 2464.0
2558.0 0.014285714285714285
2558.0 0.022222222222222223
2558.0 2300.0
2558.0 0.014925373134328358
2558.0 0.010416666666666666
2558.0 2427.0
2558.0 0.0049504950495049506
2558.0 0.02
2558.0 2376.0
2558.0 0.08333333333333333
2558.0 0.017543859649122806
2558.0 0.0049261083743842365
2558.0 0.058823529411764705
2558.0 2365.0
2558.0 2483.0
2558.0 0.015873015873015872
2558.0 0.01694915254237288
2558.0 0.03333333333333333
2558.0 2382.0
2558.0 0.0125
2558.0 2413.0
2558.0 0.03333333333333333
2558.0 0.017241379310344827
2558.0 0.009708737864077669
2558.0 0.022222222222222223
2558.0 2335.0
2558.0 2471.0
2558.0 0.012987012987012988
2558.0 0.010101010101010102
2558.0 0.018867924528301886
2558.0 2219.0
2558.0 2302.0
2558.0 0.014925373134328358
2558.0 2450.0
2558.0 2304.0
2558.0 2471.0
2558.0 0.07142857142857142
2558.0 2339.0
2558.0 2433.0
2558.0 2362.0
2558.0 0.0045045045045045045
2558.0 2280.0
2558.0 0.07692307692307693
2558.0 0.0136986301369863
2558.0 2058.0
2558.0 2473.0
2558.0 2457.0
2558.0 2397.0
2558.0 0.030303030303030304
2558.0 2425.0
2558.0 2420.0
2558.0 2454.0
2558.0 0.0625
2558.0 2462.0
2558.0 0.008928571428571428
2558.0 2439.0
2558.0 2422.0
2558.0 2381.0
2558.0 2289.0
2558.0 2399.0
2558.0 2372.0
2558.0 2428.0
2558.0 2517.0
2558.0 0.009009009009009009
2558.0 0.023255813953488372
2558.0 0.008620689655172414
2558.0 0.02
2558.0 0.022222222222222223
2558.0 2439.0
2558.0 0.006993006993006993
2558.0 2118.0
2558.0 0.0056179775280898875
2558.0 0.008264462809917356
2558.0 0.01098901098901099
2558.0 0.011111111111111112
2558.0 0.015384615384615385
2558.0 0.006756756756756757
2558.0 0.0072992700729927005
2558.0 0.034482758620689655
2558.0 2218.0
2558.0 0.014492753623188406
2558.0 2318.0
2558.0 0.0625
2558.0 2425.0
2558.0 0.058823529411764705
2558.0 2424.0
2558.0 2387.0
2558.0 0.010869565217391304
2558.0 0.011494252873563218
2558.0 0.0136986301369863
2558.0 0.014084507042253521
2558.0 0.008620689655172414
2558.0 2444.0
2558.0 0.007194244604316547
2558.0 0.006711409395973154
2558.0 0.015625
2558.0 0.004901960784313725
2558.0 0.02040816326530612
2558.0 0.045454545454545456
2558.0 0.0045045045045045045
2558.0 0.006578947368421052
2558.0 0.037037037037037035
2558.0 0.014925373134328358
2558.0 0.02857142857142857
2558.0 0.01098901098901099
2558.0 0.014925373134328358
2558.0 0.022727272727272728
2558.0 0.16666666666666666
2558.0 2357.0
2558.0 2359.0
2558.0 2007.0
2558.0 2363.0
2558.0 0.0072992700729927005
2558.0 0.009259259259259259
2558.0 2197.0
2558.0 2385.0
2558.0 0.01639344262295082
2558.0 2416.0
2558.0 2214.0
2558.0 0.034482758620689655
2558.0 0.058823529411764705
2558.0 2234.0
2558.0 2375.0
2558.0 2286.0
2558.0 0.008130081300813009
2558.0 2258.0
2558.0 0.005747126436781609
2558.0 0.02040816326530612
2558.0 0.05
2558.0 0.01098901098901099
2558.0 0.022222222222222223
2558.0 2395.0
2558.0 2441.0
2558.0 0.017857142857142856
2558.0 2441.0
2558.0 2402.0
2558.0 2161.0
2558.0 0.09090909090909091
2558.0 0.03125
2558.0 0.015384615384615385
2558.0 0.004694835680751174
2558.0 0.019230769230769232
2558.0 0.0044444444444444444
2558.0 2343.0
2558.0 2419.0
2558.0 0.022222222222222223
2558.0 0.014925373134328358
2558.0 0.038461538461538464
2558.0 2526.0
2558.0 2462.0
2558.0 2450.0
2558.0 2340.0
2558.0 2425.0
2558.0 0.05
2558.0 2454.0
2558.0 2400.0
2558.0 2519.0
2558.0 2401.0
2558.0 2371.0
2558.0 0.009174311926605505
2558.0 2238.0
2558.0 0.009708737864077669
2558.0 0.005434782608695652
2558.0 0.010752688172043012
2558.0 0.008333333333333333
2558.0 0.029411764705882353
2558.0 2396.0
2558.0 0.004149377593360996
2558.0 0.1111111111111111
2558.0 2160.0
2558.0 0.043478260869565216
2558.0 0.0072992700729927005
2558.0 0.0625
2558.0 0.047619047619047616
2558.0 2453.0
2558.0 2386.0
2558.0 2330.0
2558.0 0.02631578947368421
2558.0 2331.0
2558.0 2378.0
2558.0 2415.0
2558.0 2465.0
2558.0 2297.0
2558.0 2436.0
2558.0 2445.0
2558.0 0.004629629629629629
2558.0 0.3333333333333333
2558.0 0.2
2558.0 0.038461538461538464
2558.0 2475.0
2558.0 0.05263157894736842
2558.0 2381.0
2558.0 0.03571428571428571
2558.0 0.008403361344537815
2558.0 2118.0
2558.0 2342.0
2558.0 2459.0
2558.0 0.0070921985815602835
2558.0 0.019230769230769232
2558.0 0.04
2558.0 0.047619047619047616
2558.0 2220.0
2558.0 2443.0
2558.0 2430.0
