1352.0 7.112375533428165E-4
1883.0 0.014084507042253521
1991.0 1563.0
2216.0 0.011627906976744186
2401.0 0.017241379310344827
2401.0 2015.0
2404.0 0.003875968992248062
2425.0 1959.0
2435.0 0.011235955056179775
2450.0 0.008547008547008548
2450.0 2276.0
2456.0 0.015873015873015872
2456.0 2222.0
2456.0 2251.0
2464.0 2280.0
2476.0 0.045454545454545456
2476.0 0.041666666666666664
2504.0 0.005988023952095809
2504.0 0.013333333333333334
2516.0 0.00909090909090909
2516.0 0.02857142857142857
2522.0 0.012987012987012988
2522.0 0.008403361344537815
2522.0 2029.0
2522.0 2256.0
2530.0 0.003484320557491289
2536.0 2191.0
2542.0 0.00684931506849315
2542.0 1888.0
2547.0 0.01098901098901099
2547.0 2389.0
2547.0 0.012345679012345678
2547.0 0.14285714285714285
2547.0 0.0625
2547.0 0.008403361344537815
2547.0 0.014285714285714285
2547.0 2241.0
2547.0 2167.0
2547.0 0.006622516556291391
2547.0 2116.0
2547.0 0.03571428571428571
2547.0 0.029411764705882353
2547.0 0.005
2547.0 0.013513513513513514
2547.0 0.015384615384615385
2547.0 0.0041841004184100415
2547.0 0.5
2547.0 2067.0
2547.0 2278.0
2547.0 0.012658227848101266
2547.0 0.010869565217391304
2547.0 0.01818181818181818
2548.0 0.005076142131979695
2548.0 2133.0
2548.0 1980.0
2548.0 0.14285714285714285
2548.0 2226.0
2548.0 0.0625
2556.0 0.01098901098901099
2556.0 0.002785515320334262
2556.0 2411.0
2558.0 2503.0
2558.0 0.023255813953488372
2558.0 2456.0
2558.0 0.0037735849056603774
2558.0 0.03125
2558.0 0.02702702702702703
2558.0 0.01818181818181818
2558.0 2273.0
2558.0 2311.0
2558.0 0.010638297872340425
2558.0 2400.0
2558.0 0.007194244604316547
2558.0 2332.0
2558.0 2095.0
2558.0 0.04
2558.0 0.013513513513513514
2558.0 0.05555555555555555
2558.0 0.1
2558.0 2335.0
2558.0 2399.0
2558.0 0.038461538461538464
2558.0 2059.0
2558.0 0.014705882352941176
2558.0 2394.0
2558.0 2222.0
2558.0 2220.0
2558.0 2313.0
2558.0 2446.0
2558.0 2264.0
2558.0 2207.0
2558.0 0.007462686567164179
2558.0 2174.0
2558.0 0.010101010101010102
2558.0 0.043478260869565216
2558.0 0.017857142857142856
2558.0 2283.0
2558.0 0.019230769230769232
2558.0 0.015625
2558.0 0.007246376811594203
2558.0 2441.0
2558.0 0.07692307692307693
2558.0 2463.0
2558.0 0.003968253968253968
2558.0 2440.0
2558.0 2286.0
2558.0 0.07692307692307693
2558.0 2356.0
2558.0 0.023255813953488372
2558.0 0.030303030303030304
2558.0 0.0051813471502590676
2558.0 2420.0
2558.0 0.007462686567164179
2558.0 0.003937007874015748
2558.0 2470.0
2558.0 2464.0
2558.0 0.1111111111111111
2558.0 0.016666666666666666
2558.0 0.01639344262295082
2558.0 0.018867924528301886
2558.0 0.058823529411764705
2558.0 0.0045662100456621
2558.0 0.00684931506849315
2558.0 0.023255813953488372
2558.0 2275.0
2558.0 0.022222222222222223
2558.0 0.16666666666666666
2558.0 2516.0
2558.0 0.014925373134328358
2558.0 0.011363636363636364
2558.0 0.007751937984496124
2558.0 0.002688172043010753
2558.0 0.16666666666666666
2558.0 2386.0
2558.0 2512.0
2558.0 2515.0
2558.0 0.023255813953488372
2558.0 0.02564102564102564
2558.0 0.034482758620689655
2558.0 2427.0
2558.0 0.015625
2558.0 2485.0
2558.0 0.007246376811594203
2558.0 0.02564102564102564
2558.0 0.022727272727272728
2558.0 0.1111111111111111
2558.0 2460.0
2558.0 2406.0
2558.0 0.003424657534246575
2558.0 2421.0
2558.0 0.02040816326530612
2558.0 2328.0
2558.0 0.011363636363636364
2558.0 2296.0
2558.0 0.1111111111111111
2558.0 0.005952380952380952
2558.0 0.010869565217391304
2558.0 0.034482758620689655
2558.0 0.008403361344537815
2558.0 0.011363636363636364
2558.0 0.00411522633744856
2558.0 0.0051813471502590676
2558.0 2297.0
2558.0 0.005649717514124294
2558.0 0.00641025641025641
2558.0 0.0045871559633027525
2558.0 0.0037735849056603774
2558.0 0.005128205128205128
2558.0 0.004975124378109453
2558.0 0.0049504950495049506
2558.0 0.008130081300813009
2558.0 0.0049504950495049506
2558.0 0.005405405405405406
2558.0 0.005494505494505495
2558.0 0.015625
2558.0 0.006993006993006993
2558.0 0.005405405405405406
2558.0 0.007751937984496124
2558.0 0.00558659217877095
2558.0 0.005128205128205128
2558.0 0.0055248618784530384
2558.0 0.006211180124223602
2558.0 0.005780346820809248
2558.0 0.007462686567164179
2558.0 2189.0
2558.0 0.006993006993006993
2558.0 0.006578947368421052
2558.0 0.005555555555555556
2558.0 0.0058823529411764705
2558.0 0.0035335689045936395
2558.0 0.0058823529411764705
2558.0 0.005405405405405406
2558.0 0.007633587786259542
2558.0 2269.0
2558.0 0.030303030303030304
2558.0 0.0072992700729927005
2558.0 0.009523809523809525
2558.0 0.0045662100456621
2558.0 0.005780346820809248
2558.0 0.005405405405405406
2558.0 0.0053475935828877
2558.0 0.0064516129032258064
2558.0 0.004608294930875576
2558.0 0.0064516129032258064
2558.0 0.0064516129032258064
2558.0 0.0064516129032258064
2558.0 0.0064516129032258064
2558.0 0.006211180124223602
2558.0 0.006211180124223602
2558.0 0.004608294930875576
2558.0 2045.0
2558.0 2257.0
2558.0 2092.0
2558.0 0.005494505494505495
2558.0 0.0027397260273972603
2558.0 0.018518518518518517
2558.0 2407.0
2558.0 0.021739130434782608
2558.0 0.005291005291005291
2558.0 2375.0
2558.0 0.012987012987012988
2558.0 0.017241379310344827
2558.0 0.013333333333333334
2558.0 0.006172839506172839
2558.0 0.007246376811594203
2558.0 2316.0
2558.0 0.006578947368421052
2558.0 0.007407407407407408
2558.0 0.00398406374501992
2558.0 0.002881844380403458
2558.0 0.010309278350515464
2558.0 0.02564102564102564
2558.0 2454.0
2558.0 2451.0
2558.0 2388.0
2558.0 2484.0
2558.0 0.01694915254237288
2558.0 2094.0
2558.0 0.009259259259259259
2558.0 0.030303030303030304
2558.0 0.008928571428571428
2558.0 0.014705882352941176
2558.0 0.005952380952380952
2558.0 2194.0
2558.0 0.021739130434782608
2558.0 0.01098901098901099
2558.0 1754.0
2558.0 0.009615384615384616
2558.0 0.013888888888888888
2558.0 0.008333333333333333
2558.0 0.005376344086021506
2558.0 0.041666666666666664
2558.0 0.006993006993006993
2558.0 0.018867924528301886
2558.0 0.017543859649122806
2558.0 0.1
2558.0 2342.0
2558.0 0.0058823529411764705
2558.0 0.010309278350515464
2558.0 0.009174311926605505
2558.0 0.006535947712418301
2558.0 0.02857142857142857
2558.0 0.02857142857142857
2558.0 2351.0
2558.0 0.0049261083743842365
2558.0 0.007936507936507936
2558.0 0.02040816326530612
2558.0 0.00423728813559322
2558.0 0.012195121951219513
2558.0 0.006369426751592357
2558.0 2354.0
2558.0 0.008
2558.0 0.014705882352941176
2558.0 0.010638297872340425
2558.0 0.012658227848101266
2558.0 0.00819672131147541
2558.0 0.25
2558.0 2174.0
2558.0 0.006802721088435374
2558.0 2288.0
2558.0 0.006993006993006993
2558.0 2441.0
2558.0 0.011111111111111112
2558.0 2444.0
2558.0 0.008620689655172414
2558.0 0.03333333333333333
2558.0 2463.0
2558.0 0.015384615384615385
2558.0 0.3333333333333333
2558.0 0.011111111111111112
2558.0 0.0053475935828877
2558.0 0.003745318352059925
2558.0 0.2
2558.0 0.1
2558.0 0.013157894736842105
2558.0 2396.0
2558.0 0.02631578947368421
2558.0 0.021739130434782608
2558.0 2421.0
2558.0 0.006535947712418301
