1375.0 7.23589001447178E-4
1809.0 0.0012254901960784314
2048.0 1117.0
2267.0 1510.0
2404.0 0.1
2404.0 1940.0
2404.0 2161.0
2404.0 0.016666666666666666
2419.0 2048.0
2419.0 0.038461538461538464
2434.0 2243.0
2442.0 0.005076142131979695
2442.0 0.021739130434782608
2462.0 0.05
2481.0 2293.0
2481.0 0.005714285714285714
2481.0 0.012658227848101266
2481.0 0.008849557522123894
2481.0 2257.0
2515.0 0.005917159763313609
2515.0 0.009708737864077669
2515.0 0.03333333333333333
2515.0 2317.0
2515.0 0.006622516556291391
2516.0 0.003125
2527.0 0.003472222222222222
2527.0 0.008403361344537815
2543.0 2245.0
2543.0 0.011363636363636364
2555.0 0.008403361344537815
2556.0 0.02631578947368421
2556.0 0.017241379310344827
2556.0 0.017543859649122806
2556.0 0.005813953488372093
2556.0 0.006172839506172839
2556.0 0.14285714285714285
2556.0 0.008333333333333333
2556.0 0.007692307692307693
2558.0 0.006493506493506494
2558.0 0.02
2558.0 2334.0
2558.0 0.019230769230769232
2558.0 0.017241379310344827
2558.0 2419.0
2558.0 0.25
2558.0 0.011764705882352941
2558.0 0.02040816326530612
2558.0 0.013157894736842105
2558.0 2435.0
2558.0 0.058823529411764705
2558.0 2494.0
2558.0 2493.0
2558.0 2428.0
2558.0 0.023255813953488372
2558.0 2381.0
2558.0 2265.0
2558.0 2451.0
2558.0 2427.0
2558.0 0.02040816326530612
2558.0 2484.0
2558.0 2394.0
2558.0 0.014925373134328358
2558.0 0.1111111111111111
2558.0 2438.0
2558.0 0.1111111111111111
2558.0 2382.0
2558.0 0.3333333333333333
2558.0 2423.0
2558.0 0.02127659574468085
2558.0 2393.0
2558.0 2408.0
2558.0 2378.0
2558.0 0.1
2558.0 2414.0
2558.0 0.07142857142857142
2558.0 0.01098901098901099
2558.0 0.04
2558.0 0.0040650406504065045
2558.0 0.015625
2558.0 2275.0
2558.0 2502.0
2558.0 2470.0
2558.0 2432.0
2558.0 2456.0
2558.0 2486.0
2558.0 2366.0
2558.0 2399.0
2558.0 2470.0
2558.0 2379.0
2558.0 2381.0
2558.0 0.034482758620689655
2558.0 0.030303030303030304
2558.0 0.013513513513513514
2558.0 0.017241379310344827
2558.0 2435.0
2558.0 0.02040816326530612
2558.0 0.02040816326530612
2558.0 2476.0
2558.0 2384.0
2558.0 2434.0
2558.0 0.14285714285714285
2558.0 0.09090909090909091
2558.0 0.034482758620689655
2558.0 2497.0
2558.0 0.012345679012345678
2558.0 0.009259259259259259
2558.0 0.004484304932735426
2558.0 0.045454545454545456
2558.0 0.0136986301369863
2558.0 0.005780346820809248
2558.0 0.007936507936507936
2558.0 0.0055248618784530384
2558.0 2261.0
2558.0 0.03571428571428571
2558.0 2322.0
2558.0 2343.0
2558.0 0.021739130434782608
2558.0 0.022727272727272728
2558.0 0.004784688995215311
2558.0 0.007194244604316547
2558.0 0.058823529411764705
2558.0 2208.0
2558.0 0.047619047619047616
2558.0 2466.0
2558.0 2448.0
2558.0 2444.0
2558.0 2325.0
2558.0 2335.0
2558.0 0.007142857142857143
2558.0 2387.0
2558.0 2424.0
2558.0 0.012195121951219513
2558.0 2412.0
2558.0 2449.0
2558.0 0.034482758620689655
2558.0 2343.0
2558.0 2173.0
2558.0 0.008130081300813009
2558.0 2181.0
2558.0 0.008130081300813009
2558.0 0.008403361344537815
2558.0 1933.0
2558.0 0.05
2558.0 0.021739130434782608
2558.0 0.02127659574468085
2558.0 0.013157894736842105
2558.0 0.019230769230769232
2558.0 2271.0
2558.0 2397.0
2558.0 0.009009009009009009
2558.0 0.0036363636363636364
2558.0 0.005813953488372093
2558.0 0.008333333333333333
2558.0 0.09090909090909091
2558.0 0.012658227848101266
2558.0 0.0045662100456621
2558.0 2284.0
2558.0 2357.0
2558.0 0.004132231404958678
2558.0 0.004405286343612335
2558.0 0.043478260869565216
2558.0 0.011111111111111112
2558.0 0.022727272727272728
2558.0 0.017857142857142856
2558.0 0.012048192771084338
2558.0 0.008620689655172414
2558.0 0.25
2558.0 0.011764705882352941
2558.0 0.006578947368421052
2558.0 0.005649717514124294
2558.0 0.012195121951219513
2558.0 2004.0
2558.0 0.02
2558.0 0.006993006993006993
2558.0 0.029411764705882353
2558.0 0.022727272727272728
2558.0 0.01694915254237288
2558.0 0.034482758620689655
2558.0 0.0078125
2558.0 2420.0
2558.0 0.0136986301369863
2558.0 0.006802721088435374
2558.0 2471.0
2558.0 2246.0
2558.0 0.015384615384615385
2558.0 0.02127659574468085
2558.0 2340.0
2558.0 2401.0
2558.0 2186.0
2558.0 2263.0
2558.0 2450.0
2558.0 0.00847457627118644
2558.0 0.012195121951219513
2558.0 0.01098901098901099
2558.0 0.007633587786259542
2558.0 0.005154639175257732
2558.0 0.125
2558.0 0.008928571428571428
2558.0 2135.0
2558.0 0.00625
2558.0 0.015151515151515152
2558.0 0.014925373134328358
2558.0 0.012195121951219513
2558.0 2425.0
2558.0 0.0072992700729927005
2558.0 0.017241379310344827
2558.0 0.034482758620689655
2558.0 0.08333333333333333
2558.0 2423.0
2558.0 2421.0
2558.0 0.07142857142857142
2558.0 0.025
2558.0 0.3333333333333333
2558.0 2416.0
2558.0 2429.0
2558.0 0.008928571428571428
2558.0 0.021739130434782608
2558.0 0.0196078431372549
2558.0 2219.0
2558.0 0.017543859649122806
2558.0 0.006896551724137931
2558.0 0.015873015873015872
2558.0 0.01694915254237288
2558.0 2301.0
2558.0 0.02564102564102564
2558.0 0.00625
2558.0 0.03225806451612903
2558.0 2332.0
2558.0 0.006578947368421052
2558.0 0.01694915254237288
2558.0 2464.0
2558.0 2452.0
2558.0 0.01694915254237288
2558.0 0.00546448087431694
2558.0 2218.0
2558.0 0.004739336492890996
2558.0 2181.0
2558.0 0.0625
2558.0 2280.0
2558.0 0.07142857142857142
2558.0 0.02857142857142857
2558.0 0.045454545454545456
2558.0 2260.0
2558.0 2466.0
2558.0 2290.0
2558.0 2445.0
2558.0 2477.0
2558.0 0.012658227848101266
2558.0 0.14285714285714285
2558.0 0.01639344262295082
2558.0 0.1111111111111111
2558.0 0.012658227848101266
2558.0 0.008771929824561403
2558.0 2343.0
2558.0 0.0136986301369863
2558.0 0.007042253521126761
2558.0 0.008403361344537815
2558.0 0.007462686567164179
2558.0 1925.0
2558.0 0.01639344262295082
2558.0 2223.0
2558.0 0.005025125628140704
2558.0 0.018867924528301886
2558.0 0.008130081300813009
2558.0 0.0058823529411764705
2558.0 0.008620689655172414
2558.0 2138.0
2558.0 2213.0
2558.0 2323.0
2558.0 0.015151515151515152
2558.0 0.06666666666666667
2558.0 0.015625
2558.0 0.14285714285714285
2558.0 0.05
2558.0 0.011904761904761904
2558.0 0.0055248618784530384
2558.0 0.008403361344537815
2558.0 0.00847457627118644
2558.0 0.02040816326530612
2558.0 2369.0
2558.0 0.02040816326530612
2558.0 0.0196078431372549
2558.0 2117.0
2558.0 0.011494252873563218
2558.0 2273.0
2558.0 0.011111111111111112
2558.0 0.034482758620689655
2558.0 0.008620689655172414
2558.0 0.011764705882352941
2558.0 0.02
2558.0 2190.0
2558.0 0.018867924528301886
2558.0 0.0125
2558.0 2082.0
2558.0 2343.0
2558.0 0.006289308176100629
2558.0 0.006666666666666667
2558.0 1939.0
2558.0 0.5
2558.0 0.0045662100456621
