1460.0 8.396305625524769E-4
1718.0 0.0026041666666666665
2015.0 0.005555555555555556
2138.0 0.023809523809523808
2224.0 0.009259259259259259
2369.0 0.022222222222222223
2369.0 2182.0
2392.0 0.006493506493506494
2392.0 0.014705882352941176
2392.0 2079.0
2392.0 0.009708737864077669
2416.0 0.0625
2425.0 0.015625
2445.0 0.03225806451612903
2454.0 1999.0
2454.0 0.0034965034965034965
2454.0 0.02564102564102564
2454.0 0.006289308176100629
2454.0 0.00641025641025641
2454.0 2014.0
2454.0 2267.0
2454.0 0.014705882352941176
2454.0 0.00847457627118644
2458.0 0.022222222222222223
2462.0 2231.0
2495.0 0.043478260869565216
2495.0 0.006535947712418301
2495.0 0.3333333333333333
2520.0 0.005434782608695652
2522.0 0.01639344262295082
2536.0 2168.0
2536.0 0.010638297872340425
2536.0 0.01098901098901099
2536.0 2322.0
2536.0 0.038461538461538464
2543.0 0.007042253521126761
2543.0 0.010869565217391304
2543.0 0.047619047619047616
2549.0 0.008130081300813009
2550.0 0.003003003003003003
2550.0 2380.0
2550.0 2513.0
2550.0 0.004405286343612335
2550.0 2323.0
2550.0 0.014925373134328358
2550.0 0.004484304932735426
2556.0 0.0064516129032258064
2556.0 0.04
2556.0 2391.0
2556.0 0.003246753246753247
2556.0 0.0043859649122807015
2556.0 0.03125
2556.0 0.041666666666666664
2556.0 0.010416666666666666
2556.0 0.0125
2556.0 2269.0
2556.0 0.012345679012345678
2556.0 0.1111111111111111
2556.0 2173.0
2556.0 0.045454545454545456
2556.0 0.013888888888888888
2556.0 0.02631578947368421
2556.0 0.014492753623188406
2556.0 2027.0
2556.0 2333.0
2556.0 0.00909090909090909
2556.0 2295.0
2556.0 0.0045045045045045045
2556.0 0.007874015748031496
2556.0 0.013333333333333334
2556.0 0.014705882352941176
2556.0 0.006666666666666667
2556.0 2447.0
2556.0 0.00398406374501992
2556.0 0.013157894736842105
2558.0 0.011904761904761904
2558.0 0.02
2558.0 0.006134969325153374
2558.0 2347.0
2558.0 0.02
2558.0 0.022222222222222223
2558.0 2397.0
2558.0 0.012987012987012988
2558.0 0.018867924528301886
2558.0 0.007751937984496124
2558.0 2117.0
2558.0 0.1
2558.0 0.2
2558.0 2463.0
2558.0 0.00684931506849315
2558.0 0.00425531914893617
2558.0 2359.0
2558.0 2343.0
2558.0 2421.0
2558.0 2536.0
2558.0 0.14285714285714285
2558.0 0.029411764705882353
2558.0 2356.0
2558.0 0.5
2558.0 0.009345794392523364
2558.0 2312.0
2558.0 0.005988023952095809
2558.0 0.014084507042253521
2558.0 0.012345679012345678
2558.0 0.015873015873015872
2558.0 0.02857142857142857
2558.0 0.011235955056179775
2558.0 0.02
2558.0 0.011764705882352941
2558.0 0.037037037037037035
2558.0 0.005780346820809248
2558.0 0.015151515151515152
2558.0 0.014705882352941176
2558.0 0.017857142857142856
2558.0 0.012658227848101266
2558.0 0.037037037037037035
2558.0 0.027777777777777776
2558.0 0.007751937984496124
2558.0 0.07142857142857142
2558.0 0.006578947368421052
2558.0 0.014705882352941176
2558.0 0.018518518518518517
2558.0 2398.0
2558.0 0.004629629629629629
2558.0 0.037037037037037035
2558.0 0.007246376811594203
2558.0 0.020833333333333332
2558.0 0.125
2558.0 2438.0
2558.0 2482.0
2558.0 0.00558659217877095
2558.0 2451.0
2558.0 0.00980392156862745
2558.0 2444.0
2558.0 2468.0
2558.0 2431.0
2558.0 2426.0
2558.0 2414.0
2558.0 2414.0
2558.0 0.011764705882352941
2558.0 0.008547008547008548
2558.0 0.02127659574468085
2558.0 0.023255813953488372
2558.0 2345.0
2558.0 2325.0
2558.0 2272.0
2558.0 2369.0
2558.0 2352.0
2558.0 0.01694915254237288
2558.0 2350.0
2558.0 0.05
2558.0 2380.0
2558.0 0.041666666666666664
2558.0 0.025
2558.0 0.3333333333333333
2558.0 0.01818181818181818
2558.0 2241.0
2558.0 2456.0
2558.0 0.03571428571428571
2558.0 0.013333333333333334
2558.0 2283.0
2558.0 2370.0
2558.0 0.006289308176100629
2558.0 2231.0
2558.0 0.03333333333333333
2558.0 2189.0
2558.0 0.023809523809523808
2558.0 0.005025125628140704
2558.0 0.02
2558.0 2362.0
2558.0 2414.0
2558.0 2474.0
2558.0 2496.0
2558.0 0.022727272727272728
2558.0 2461.0
2558.0 2391.0
2558.0 2470.0
2558.0 2505.0
2558.0 2272.0
2558.0 2487.0
2558.0 0.01639344262295082
2558.0 0.004629629629629629
2558.0 0.16666666666666666
2558.0 2288.0
2558.0 0.00684931506849315
2558.0 2404.0
2558.0 2381.0
2558.0 0.02857142857142857
2558.0 0.013888888888888888
2558.0 0.03333333333333333
2558.0 0.006622516556291391
2558.0 0.019230769230769232
2558.0 0.04
2558.0 0.025
2558.0 2042.0
2558.0 2337.0
2558.0 0.020833333333333332
2558.0 0.006711409395973154
2558.0 0.005076142131979695
2558.0 0.02127659574468085
2558.0 2018.0
2558.0 0.03225806451612903
2558.0 0.007751937984496124
2558.0 0.5
2558.0 0.017543859649122806
2558.0 0.03225806451612903
2558.0 0.020833333333333332
2558.0 0.00546448087431694
2558.0 0.015151515151515152
2558.0 0.011235955056179775
2558.0 0.003968253968253968
2558.0 0.006756756756756757
2558.0 0.007936507936507936
2558.0 0.045454545454545456
2558.0 0.1111111111111111
2558.0 0.045454545454545456
2558.0 0.019230769230769232
2558.0 0.030303030303030304
2558.0 0.0196078431372549
2558.0 0.008849557522123894
2558.0 0.014705882352941176
2558.0 0.010752688172043012
2558.0 2217.0
2558.0 2353.0
2558.0 2194.0
2558.0 0.014925373134328358
2558.0 2290.0
2558.0 0.047619047619047616
2558.0 0.02040816326530612
2558.0 0.07142857142857142
2558.0 2112.0
2558.0 0.005747126436781609
2558.0 0.0044444444444444444
2558.0 2430.0
2558.0 0.00546448087431694
2558.0 0.008333333333333333
2558.0 0.0029498525073746312
2558.0 0.02702702702702703
2558.0 0.045454545454545456
2558.0 0.010752688172043012
2558.0 0.07692307692307693
2558.0 2281.0
2558.0 0.017543859649122806
2558.0 2299.0
2558.0 0.16666666666666666
2558.0 2501.0
2558.0 2471.0
2558.0 2405.0
2558.0 2427.0
2558.0 2326.0
2558.0 2443.0
2558.0 2425.0
2558.0 2418.0
2558.0 2435.0
2558.0 2419.0
2558.0 0.005952380952380952
2558.0 0.007246376811594203
2558.0 0.010526315789473684
2558.0 0.03225806451612903
2558.0 2259.0
2558.0 0.007352941176470588
2558.0 0.0045871559633027525
2558.0 0.0040650406504065045
2558.0 0.008620689655172414
2558.0 2382.0
2558.0 0.005
2558.0 0.007194244604316547
2558.0 2365.0
2558.0 0.005050505050505051
2558.0 0.0044444444444444444
2558.0 0.015873015873015872
2558.0 0.017543859649122806
2558.0 0.011494252873563218
2558.0 0.0078125
2558.0 0.029411764705882353
2558.0 0.01020408163265306
2558.0 0.005128205128205128
2558.0 0.00546448087431694
2558.0 2451.0
2558.0 0.006289308176100629
2558.0 0.0196078431372549
2558.0 0.021739130434782608
2558.0 0.003205128205128205
2558.0 0.009708737864077669
2558.0 0.007142857142857143
2558.0 0.041666666666666664
2558.0 0.009523809523809525
2558.0 0.010416666666666666
2558.0 0.009708737864077669
2558.0 0.005555555555555556
2558.0 0.0043859649122807015
2558.0 0.006756756756756757
2558.0 0.023809523809523808
2558.0 0.007246376811594203
2558.0 0.03333333333333333
2558.0 0.010526315789473684
2558.0 0.03333333333333333
2558.0 0.009174311926605505
2558.0 0.011235955056179775
2558.0 0.005405405405405406
