0.0021231422505307855 6.635700066357001E-4
1856.0 0.0013550135501355014
2123.0 0.0023584905660377358
2318.0 0.02040816326530612
2431.0 0.00641025641025641
2431.0 2218.0
2466.0 0.006756756756756757
2466.0 1855.0
2466.0 0.010416666666666666
2466.0 2030.0
2468.0 0.008064516129032258
2468.0 0.02702702702702703
2473.0 0.011111111111111112
2491.0 0.029411764705882353
2496.0 2254.0
2496.0 0.07692307692307693
2506.0 0.008928571428571428
2526.0 0.011764705882352941
2526.0 0.16666666666666666
2541.0 0.009259259259259259
2543.0 2350.0
2549.0 2149.0
2549.0 0.045454545454545456
2549.0 2348.0
2549.0 2356.0
2549.0 0.019230769230769232
2549.0 0.00558659217877095
2549.0 0.0125
2549.0 0.041666666666666664
2549.0 0.09090909090909091
2549.0 0.058823529411764705
2549.0 0.014925373134328358
2549.0 0.011764705882352941
2549.0 0.008928571428571428
2549.0 0.047619047619047616
2549.0 0.1111111111111111
2549.0 2133.0
2549.0 0.010101010101010102
2549.0 0.01020408163265306
2549.0 0.011363636363636364
2554.0 0.02857142857142857
2554.0 0.005291005291005291
2554.0 0.01282051282051282
2554.0 0.04
2554.0 0.010309278350515464
2554.0 2265.0
2554.0 0.008771929824561403
2554.0 2211.0
2554.0 2269.0
2554.0 2304.0
2554.0 0.022727272727272728
2554.0 2464.0
2554.0 0.006993006993006993
2554.0 2259.0
2554.0 0.005813953488372093
2554.0 2425.0
2554.0 0.05
2554.0 0.017241379310344827
2554.0 0.03333333333333333
2554.0 0.00425531914893617
2554.0 0.07692307692307693
2556.0 1959.0
2556.0 0.00684931506849315
2556.0 0.010869565217391304
2556.0 0.007407407407407408
2556.0 0.014084507042253521
2556.0 2355.0
2556.0 0.006097560975609756
2556.0 2284.0
2556.0 2347.0
2556.0 0.011627906976744186
2556.0 0.015384615384615385
2556.0 0.005291005291005291
2556.0 0.0072992700729927005
2556.0 0.013888888888888888
2556.0 2303.0
2556.0 2359.0
2556.0 0.00819672131147541
2556.0 0.0037174721189591076
2556.0 2423.0
2556.0 0.01818181818181818
2556.0 2399.0
2556.0 0.023809523809523808
2556.0 0.05
2556.0 0.0064516129032258064
2556.0 2294.0
2556.0 0.0136986301369863
2556.0 0.016129032258064516
2556.0 0.018867924528301886
2556.0 2246.0
2556.0 2434.0
2556.0 2404.0
2556.0 0.05263157894736842
2556.0 0.0196078431372549
2556.0 0.01098901098901099
2556.0 0.011494252873563218
2556.0 0.009009009009009009
2556.0 2374.0
2556.0 2194.0
2556.0 2412.0
2556.0 0.009345794392523364
2556.0 0.021739130434782608
2556.0 0.023255813953488372
2556.0 2126.0
2556.0 0.029411764705882353
2556.0 0.007692307692307693
2556.0 2147.0
2558.0 0.003937007874015748
2558.0 0.023255813953488372
2558.0 0.09090909090909091
2558.0 2485.0
2558.0 2488.0
2558.0 0.011111111111111112
2558.0 0.03125
2558.0 2354.0
2558.0 0.01694915254237288
2558.0 0.09090909090909091
2558.0 0.043478260869565216
2558.0 0.038461538461538464
2558.0 0.047619047619047616
2558.0 0.012987012987012988
2558.0 2447.0
2558.0 2374.0
2558.0 0.015873015873015872
2558.0 0.03125
2558.0 0.02
2558.0 2294.0
2558.0 0.022727272727272728
2558.0 0.019230769230769232
2558.0 2195.0
2558.0 0.016666666666666666
2558.0 0.16666666666666666
2558.0 0.006060606060606061
2558.0 2297.0
2558.0 2310.0
2558.0 2370.0
2558.0 0.01639344262295082
2558.0 0.1
2558.0 2438.0
2558.0 2417.0
2558.0 0.018518518518518517
2558.0 0.14285714285714285
2558.0 2408.0
2558.0 2457.0
2558.0 2465.0
2558.0 0.0196078431372549
2558.0 0.01282051282051282
2558.0 2328.0
2558.0 0.045454545454545456
2558.0 0.05
2558.0 0.029411764705882353
2558.0 0.02040816326530612
2558.0 2319.0
2558.0 0.022222222222222223
2558.0 0.047619047619047616
2558.0 0.016666666666666666
2558.0 2215.0
2558.0 2397.0
2558.0 2420.0
2558.0 0.038461538461538464
2558.0 2440.0
2558.0 0.02
2558.0 0.022727272727272728
2558.0 0.07142857142857142
2558.0 2452.0
2558.0 2439.0
2558.0 2188.0
2558.0 0.02702702702702703
2558.0 0.027777777777777776
2558.0 2470.0
2558.0 0.05555555555555555
2558.0 2304.0
2558.0 2217.0
2558.0 2436.0
2558.0 0.0058823529411764705
2558.0 0.038461538461538464
2558.0 0.05263157894736842
2558.0 2375.0
2558.0 2228.0
2558.0 2420.0
2558.0 2434.0
2558.0 2419.0
2558.0 2244.0
2558.0 0.015625
2558.0 0.012195121951219513
2558.0 2389.0
2558.0 2353.0
2558.0 2375.0
2558.0 2361.0
2558.0 2434.0
2558.0 0.047619047619047616
2558.0 0.00847457627118644
2558.0 2364.0
2558.0 0.08333333333333333
2558.0 2393.0
2558.0 2417.0
2558.0 0.008547008547008548
2558.0 0.023809523809523808
2558.0 0.022222222222222223
2558.0 0.008620689655172414
2558.0 0.011494252873563218
2558.0 0.010638297872340425
2558.0 0.01694915254237288
2558.0 2442.0
2558.0 2413.0
2558.0 0.0033222591362126247
2558.0 2469.0
2558.0 2375.0
2558.0 0.010416666666666666
2558.0 0.015625
2558.0 2329.0
2558.0 0.014925373134328358
2558.0 0.3333333333333333
2558.0 0.1
2558.0 2498.0
2558.0 0.02127659574468085
2558.0 0.022222222222222223
2558.0 0.013513513513513514
2558.0 0.009259259259259259
2558.0 0.012987012987012988
2558.0 0.010416666666666666
2558.0 0.011904761904761904
2558.0 0.03125
2558.0 2398.0
2558.0 0.09090909090909091
2558.0 2531.0
2558.0 2455.0
2558.0 2395.0
2558.0 2472.0
2558.0 2279.0
2558.0 2418.0
2558.0 2397.0
2558.0 2318.0
2558.0 0.0136986301369863
2558.0 2484.0
2558.0 2427.0
2558.0 2359.0
2558.0 0.010752688172043012
2558.0 2472.0
2558.0 2424.0
2558.0 2420.0
2558.0 2435.0
2558.0 0.0051813471502590676
2558.0 2446.0
2558.0 0.05555555555555555
2558.0 0.013157894736842105
2558.0 2409.0
2558.0 0.3333333333333333
2558.0 0.023255813953488372
2558.0 0.03125
2558.0 0.009259259259259259
2558.0 0.004830917874396135
2558.0 0.03225806451612903
2558.0 0.05263157894736842
2558.0 2435.0
2558.0 0.0035335689045936395
2558.0 0.03125
2558.0 2354.0
2558.0 2336.0
2558.0 0.01020408163265306
2558.0 0.041666666666666664
2558.0 2443.0
2558.0 2456.0
2558.0 0.013888888888888888
2558.0 2462.0
2558.0 0.027777777777777776
2558.0 2446.0
2558.0 2404.0
2558.0 0.0125
2558.0 0.3333333333333333
2558.0 0.09090909090909091
2558.0 2363.0
2558.0 0.010101010101010102
2558.0 2248.0
2558.0 0.04
2558.0 0.058823529411764705
2558.0 2396.0
2558.0 0.009009009009009009
2558.0 0.3333333333333333
2558.0 2406.0
2558.0 2374.0
2558.0 0.007142857142857143
2558.0 2492.0
2558.0 2144.0
2558.0 0.03333333333333333
2558.0 2487.0
2558.0 2519.0
2558.0 0.024390243902439025
2558.0 2377.0
2558.0 0.03571428571428571
2558.0 2424.0
2558.0 0.011764705882352941
2558.0 0.0037735849056603774
2558.0 2322.0
2558.0 2468.0
2558.0 0.017543859649122806
2558.0 0.009009009009009009
2558.0 2425.0
2558.0 2453.0
2558.0 0.014084507042253521
