107.0 1.25
107.0 0.41666667
107.0 79.0
107.0 64.0
107.0 79.0
107.0 1.0
107.0 49.0
107.0 77.0
107.0 81.0
107.0 70.0
107.0 70.0
107.0 56.0
107.0 30.0
107.0 52.0
107.0 70.0
107.0 92.0
107.0 70.0
107.0 96.0
107.0 79.0
107.0 2.5
107.0 70.0
107.0 2.5
107.0 0.25
107.0 70.0
107.0 96.0
107.0 82.0
107.0 72.0
107.0 69.0
107.0 39.0
107.0 96.0
107.0 85.0
107.0 70.0
107.0 92.0
107.0 88.0
107.0 79.0
107.0 105.0
107.0 79.0
107.0 70.0
107.0 100.0
107.0 49.0
107.0 70.0
107.0 2.5
107.0 70.0
107.0 96.0
107.0 88.0
107.0 90.0
107.0 2.5
107.0 2.5
107.0 105.0
107.0 76.0
107.0 91.0
107.0 102.0
107.0 10.0
107.0 76.0
107.0 70.0
107.0 2.5
107.0 107.0
107.0 87.0
107.0 70.0
107.0 2.5
107.0 0.17857143
107.0 49.0
107.0 69.0
107.0 44.0
107.0 70.0
107.0 70.0
107.0 2.5
107.0 79.0
107.0 82.0
107.0 39.0
107.0 2.5
107.0 2.5
107.0 70.0
107.0 47.0
107.0 79.0
107.0 87.0
107.0 81.0
107.0 79.0
107.0 81.0
107.0 81.0
107.0 42.0
107.0 79.0
107.0 64.0
107.0 70.0
107.0 2.5
107.0 79.0
107.0 2.5
107.0 0.83333333
107.0 92.0
107.0 79.0
107.0 96.0
107.0 2.5
107.0 37.0
107.0 64.0
107.0 79.0
107.0 81.0
107.0 2.5
107.0 70.0
107.0 70.0
107.0 0.14705882
