107.0 0.16129032
107.0 0.83333333
107.0 76.0
107.0 96.0
107.0 70.0
107.0 79.0
107.0 76.0
107.0 2.5
107.0 2.5
107.0 22.0
107.0 76.0
107.0 76.0
107.0 79.0
107.0 81.0
107.0 0.55555556
107.0 79.0
107.0 93.0
107.0 2.5
107.0 74.0
107.0 57.0
107.0 79.0
107.0 70.0
107.0 44.0
107.0 76.0
107.0 70.0
107.0 42.0
107.0 49.0
107.0 2.5
107.0 105.0
107.0 105.0
107.0 44.0
107.0 70.0
107.0 96.0
107.0 2.5
107.0 93.0
107.0 81.0
107.0 81.0
107.0 70.0
107.0 79.0
107.0 54.0
107.0 70.0
107.0 70.0
107.0 61.0
107.0 12.0
107.0 91.0
107.0 44.0
107.0 88.0
107.0 59.0
107.0 96.0
107.0 76.0
107.0 107.0
107.0 102.0
107.0 93.0
107.0 39.0
107.0 80.0
107.0 37.0
107.0 0.23809524
107.0 79.0
107.0 70.0
107.0 0.20833333
107.0 96.0
107.0 96.0
107.0 76.0
107.0 102.0
107.0 66.0
107.0 75.0
107.0 105.0
107.0 96.0
107.0 102.0
107.0 70.0
107.0 70.0
107.0 88.0
107.0 79.0
107.0 81.0
107.0 88.0
107.0 107.0
107.0 92.0
107.0 105.0
107.0 81.0
107.0 88.0
107.0 61.0
107.0 39.0
107.0 88.0
107.0 91.0
107.0 0.35714286
107.0 85.0
107.0 88.0
107.0 70.0
107.0 81.0
107.0 87.0
107.0 22.0
107.0 70.0
107.0 70.0
107.0 70.0
107.0 69.0
107.0 0.71428571
107.0 70.0
107.0 92.0
107.0 1.0
107.0 0.45454545
