437.934507 98.852504
481.069368 252.186651
481.069368 312.363048
481.069368 252.186651
481.069368 271.95349
481.069368 181.136509
481.069368 289.58098
481.069368 0.04787375
481.069368 268.108158
481.069368 129.969176
481.069368 123.389385
481.069368 0.00231856
481.069368 335.853144
481.069368 0.01299765
481.069368 181.136509
481.069368 337.891781
481.069368 0.00238477
481.069368 310.089419
481.069368 0.00276552
481.069368 0.00276552
481.069368 228.01294
481.069368 7.4734E-4
481.069368 0.00303605
481.069368 313.669241
481.069368 348.765526
481.069368 0.00335285
481.069368 0.00738683
481.069368 0.00270334
481.069368 0.00279436
481.069368 98.852504
481.069368 312.363048
481.069368 312.182988
481.069368 0.00279436
481.069368 334.766686
481.069368 318.018128
481.069368 252.186651
481.069368 134.430983
481.069368 0.00118599
481.069368 107.113864
481.069368 332.071901
481.069368 0.00485413
481.069368 225.745414
481.069368 383.108004
481.069368 481.069368
481.069368 392.16895
481.069368 390.194403
481.069368 118.860439
481.069368 0.00141402
481.069368 0.00178522
481.069368 193.774225
481.069368 0.00324228
481.069368 0.00718868
481.069368 431.708731
481.069368 337.766655
481.069368 0.0140103
481.069368 154.228339
481.069368 252.186651
481.069368 370.863979
481.069368 344.102298
481.069368 330.497146
481.069368 332.355722
481.069368 336.667989
481.069368 338.315989
481.069368 0.03116878
481.069368 312.363048
481.069368 0.00279436
481.069368 448.200933
481.069368 348.765526
481.069368 265.54155
481.069368 0.00279436
481.069368 14.731285
481.069368 19.330424
481.069368 0.00738683
481.069368 120.743431
481.069368 157.353435
481.069368 0.00251265
481.069368 98.852504
481.069368 0.00251265
481.069368 98.852504
481.069368 344.102298
481.069368 112.683492
481.069368 358.330027
481.069368 346.195867
481.069368 0.00725867
481.069368 0.00233879
481.069368 0.00279436
481.069368 422.568437
481.069368 252.186651
481.069368 0.00182422
481.069368 204.098635
481.069368 60.176397
481.069368 100.732444
481.069368 181.136509
481.069368 0.02269684
481.069368 0.00209543
481.069368 0.0034931
481.069368 193.044831
481.069368 0.00226702
481.069368 386.816003
481.069368 337.440107
