437.934507 247.483748
475.478377 346.87643
475.478377 265.742973
481.069368 181.136509
481.069368 233.576464
481.069368 199.301126
481.069368 142.857144
481.069368 53.291421
481.069368 0.00364918
481.069368 181.136509
481.069368 0.00231856
481.069368 338.315989
481.069368 242.899868
481.069368 348.591571
481.069368 358.586382
481.069368 312.359996
481.069368 252.186651
481.069368 481.069368
481.069368 196.450698
481.069368 218.121891
481.069368 430.924405
481.069368 353.154087
481.069368 113.342692
481.069368 187.047944
481.069368 181.136509
481.069368 308.258308
481.069368 357.069612
481.069368 313.440352
481.069368 218.762779
481.069368 61.067537
481.069368 323.233741
481.069368 0.00128436
481.069368 371.90466
481.069368 481.069368
481.069368 355.775628
481.069368 437.934507
481.069368 14.731285
481.069368 164.156011
481.069368 19.45555
481.069368 370.863979
481.069368 428.028199
481.069368 408.816797
481.069368 310.177922
481.069368 358.488723
481.069368 14.731285
481.069368 312.359996
481.069368 481.069368
481.069368 181.136509
481.069368 191.116062
481.069368 0.00215547
481.069368 386.812952
481.069368 0.00101489
481.069368 82.958464
481.069368 223.789178
481.069368 370.863979
481.069368 261.729788
481.069368 347.956785
481.069368 370.863979
481.069368 252.186651
481.069368 252.186651
481.069368 98.852504
481.069368 271.864986
481.069368 481.069368
481.069368 430.924405
481.069368 466.338083
481.069368 232.084108
481.069368 0.00240619
481.069368 168.169195
481.069368 399.801629
481.069368 391.357158
481.069368 0.00139331
481.069368 0.00208998
481.069368 305.615406
481.069368 141.676076
481.069368 252.186651
481.069368 270.201727
481.069368 0.00718868
481.069368 181.136509
481.069368 98.852504
481.069368 181.136509
481.069368 182.418286
481.069368 0.00178522
481.069368 433.814508
481.069368 0.02269684
481.069368 0.06909107
481.069368 252.186651
481.069368 343.781853
481.069368 8.4968E-4
481.069368 408.816797
481.069368 98.852504
481.069368 260.399183
481.069368 0.00190402
481.069368 272.643209
481.069368 181.136509
481.069368 312.363048
481.069368 0.00744857
481.069368 0.00667381
481.069368 98.852504
481.069368 150.682089
481.069368 208.999909
