107.0 79.0
107.0 70.0
107.0 74.0
107.0 66.0
107.0 49.0
107.0 30.0
107.0 37.0
107.0 56.0
107.0 79.0
107.0 49.0
107.0 79.0
107.0 0.13513514
107.0 88.0
107.0 0.45454545
107.0 79.0
107.0 96.0
107.0 95.0
107.0 74.0
107.0 56.0
107.0 71.0
107.0 37.0
107.0 82.0
107.0 91.0
107.0 92.0
107.0 77.0
107.0 79.0
107.0 70.0
107.0 81.0
107.0 70.0
107.0 107.0
107.0 70.0
107.0 107.0
107.0 0.83333333
107.0 0.625
107.0 70.0
107.0 79.0
107.0 92.0
107.0 70.0
107.0 79.0
107.0 79.0
107.0 70.0
107.0 22.0
107.0 49.0
107.0 0.23809524
107.0 7.0
107.0 70.0
107.0 70.0
107.0 15.0
107.0 74.0
107.0 70.0
107.0 70.0
107.0 70.0
107.0 2.5
107.0 10.0
107.0 49.0
107.0 69.0
107.0 79.0
107.0 2.5
107.0 79.0
107.0 17.0
107.0 42.0
107.0 79.0
107.0 80.0
107.0 100.0
107.0 88.0
107.0 105.0
107.0 96.0
107.0 70.0
107.0 79.0
107.0 81.0
107.0 81.0
107.0 70.0
107.0 100.0
107.0 102.0
107.0 57.0
107.0 59.0
107.0 37.0
107.0 39.0
107.0 86.0
107.0 25.0
107.0 88.0
107.0 81.0
107.0 96.0
107.0 79.0
107.0 81.0
107.0 102.0
107.0 2.5
107.0 88.0
107.0 74.0
107.0 37.0
107.0 70.0
107.0 88.0
107.0 72.0
107.0 88.0
107.0 70.0
107.0 39.0
107.0 96.0
107.0 88.0
107.0 96.0
107.0 107.0
