107.0 0.23809524
107.0 0.45454545
107.0 0.41666667
107.0 79.0
107.0 81.0
107.0 70.0
107.0 80.0
107.0 96.0
107.0 70.0
107.0 96.0
107.0 79.0
107.0 79.0
107.0 82.0
107.0 59.0
107.0 70.0
107.0 70.0
107.0 49.0
107.0 70.0
107.0 74.0
107.0 79.0
107.0 70.0
107.0 70.0
107.0 79.0
107.0 2.5
107.0 70.0
107.0 96.0
107.0 88.0
107.0 70.0
107.0 70.0
107.0 70.0
107.0 72.0
107.0 79.0
107.0 79.0
107.0 81.0
107.0 39.0
107.0 69.0
107.0 79.0
107.0 79.0
107.0 102.0
107.0 88.0
107.0 69.0
107.0 62.0
107.0 81.0
107.0 64.0
107.0 32.0
107.0 54.0
107.0 81.0
107.0 96.0
107.0 96.0
107.0 96.0
107.0 1.66666667
107.0 81.0
107.0 59.0
107.0 64.0
107.0 2.5
107.0 64.0
107.0 2.5
107.0 2.5
107.0 81.0
107.0 93.0
107.0 39.0
107.0 2.5
107.0 81.0
107.0 102.0
107.0 79.0
107.0 107.0
107.0 102.0
107.0 79.0
107.0 2.5
107.0 79.0
107.0 70.0
107.0 81.0
107.0 70.0
107.0 70.0
107.0 70.0
107.0 88.0
107.0 2.5
107.0 96.0
107.0 79.0
107.0 2.5
107.0 39.0
107.0 92.0
107.0 2.5
107.0 79.0
107.0 79.0
107.0 2.5
107.0 70.0
107.0 2.5
107.0 91.0
107.0 70.0
107.0 0.41666667
107.0 2.5
107.0 44.0
107.0 79.0
107.0 79.0
107.0 79.0
107.0 2.5
107.0 88.0
107.0 2.5
107.0 70.0
