436.829736 239.002654
436.829736 0.0015919
481.069368 0.00142127
481.069368 0.01271548
481.069368 343.781853
481.069368 337.891781
481.069368 310.089419
481.069368 190.395825
481.069368 348.765526
481.069368 370.863979
481.069368 98.852504
481.069368 287.285988
481.069368 252.186651
481.069368 285.726493
481.069368 0.05342582
481.069368 0.00691002
481.069368 274.208808
481.069368 376.204717
481.069368 419.15952
481.069368 0.00169629
481.069368 408.816797
481.069368 319.388409
481.069368 0.00279436
481.069368 348.765526
481.069368 371.65746
481.069368 450.669881
481.069368 0.02392877
481.069368 298.013244
481.069368 0.00279436
481.069368 403.646961
481.069368 441.190831
481.069368 454.429761
481.069368 337.891781
481.069368 101.614429
481.069368 127.716911
481.069368 53.166295
481.069368 377.883236
481.069368 431.708731
481.069368 312.363048
481.069368 312.363048
481.069368 403.384502
481.069368 346.195867
481.069368 318.707845
481.069368 0.01361937
481.069368 171.489608
481.069368 295.791497
481.069368 340.604876
481.069368 98.852504
481.069368 287.820062
481.069368 481.069368
481.069368 252.186651
481.069368 339.082003
481.069368 312.363048
481.069368 282.027649
481.069368 240.748314
481.069368 262.822351
481.069368 0.04787375
481.069368 252.186651
481.069368 481.069368
481.069368 366.835536
481.069368 0.00233879
481.069368 113.583789
481.069368 313.254188
481.069368 159.028901
481.069368 274.486526
481.069368 0.00150716
481.069368 0.00126581
481.069368 361.549729
481.069368 388.009277
481.069368 0.00832248
481.069368 0.0140103
481.069368 337.766655
481.069368 408.050783
481.069368 431.708731
481.069368 98.852504
481.069368 0.00667381
481.069368 0.00271157
481.069368 111.667226
481.069368 0.00238477
481.069368 448.200933
481.069368 181.136509
481.069368 0.00178522
481.069368 116.263314
481.069368 0.0140103
481.069368 0.02092458
481.069368 147.587511
481.069368 32.142095
481.069368 252.186651
481.069368 310.089419
481.069368 256.602679
481.069368 408.816797
481.069368 481.069368
481.069368 319.998779
481.069368 252.159185
481.069368 0.89114
481.069368 0.00284892
481.069368 239.860225
481.069368 299.755852
481.069368 0.00533548
481.069368 12.033448
