481.069368 0.00235857
481.069368 0.00279436
481.069368 178.13654
481.069368 332.355722
481.069368 11.908322
481.069368 0.02092458
481.069368 288.662373
481.069368 0.125126
481.069368 358.488723
481.069368 0.00233879
481.069368 289.58098
481.069368 380.956449
481.069368 344.102298
481.069368 290.374461
481.069368 167.27195
481.069368 353.154087
481.069368 0.02792119
481.069368 408.816797
481.069368 98.852504
481.069368 98.852504
481.069368 252.186651
481.069368 252.186651
481.069368 353.154087
481.069368 390.194403
481.069368 346.195867
481.069368 433.814508
481.069368 340.604876
481.069368 368.75515
481.069368 311.429182
481.069368 408.816797
481.069368 0.00279436
481.069368 386.816003
481.069368 181.136509
481.069368 98.852504
481.069368 342.262031
481.069368 386.816003
481.069368 382.216864
481.069368 323.053682
481.069368 332.355722
481.069368 167.043061
481.069368 370.863979
481.069368 275.484481
481.069368 364.079714
481.069368 357.069612
481.069368 252.186651
481.069368 364.079714
481.069368 0.00240619
481.069368 331.305887
481.069368 312.363048
481.069368 481.069368
481.069368 242.750328
481.069368 358.745078
481.069368 312.363048
481.069368 372.707295
481.069368 0.00240619
481.069368 260.860011
481.069368 380.004273
481.069368 0.00240619
481.069368 181.136509
481.069368 309.976501
481.069368 394.848475
481.069368 391.357158
481.069368 179.04294
481.069368 0.01683489
481.069368 98.852504
481.069368 252.186651
481.069368 98.852504
481.069368 321.314127
481.069368 340.604876
481.069368 377.883236
481.069368 289.58098
481.069368 98.852504
481.069368 252.186651
481.069368 0.00510941
481.069368 289.58098
481.069368 85.781427
481.069368 276.586199
481.069368 344.755394
481.069368 354.884488
481.069368 391.357158
481.069368 332.355722
481.069368 367.970824
481.069368 332.355722
481.069368 30.399487
481.069368 0.00238477
481.069368 0.00251265
481.069368 348.765526
481.069368 252.186651
481.069368 95.242165
481.069368 181.136509
481.069368 314.929655
481.069368 0.00251265
481.069368 427.167576
481.069368 430.924405
481.069368 9.4168E-4
481.069368 411.896115
481.069368 414.618365
481.069368 0.00490289
481.069368 0.00554398
481.069368 98.852504
