107.0 1.25
107.0 0.45454545
107.0 0.5
107.0 79.0
107.0 2.5
107.0 0.3125
107.0 81.0
107.0 64.0
107.0 44.0
107.0 0.16129032
107.0 0.83333333
107.0 59.0
107.0 42.0
107.0 0.45454545
107.0 59.0
107.0 91.0
107.0 88.0
107.0 54.0
107.0 96.0
107.0 7.0
107.0 12.0
107.0 107.0
107.0 2.5
107.0 2.5
107.0 2.5
107.0 54.0
107.0 69.0
107.0 96.0
107.0 83.0
107.0 81.0
107.0 2.5
107.0 47.0
107.0 49.0
107.0 52.0
107.0 96.0
107.0 107.0
107.0 81.0
107.0 70.0
107.0 107.0
107.0 70.0
107.0 49.0
107.0 100.0
107.0 2.5
107.0 81.0
107.0 70.0
107.0 70.0
107.0 70.0
107.0 92.0
107.0 10.0
107.0 79.0
107.0 49.0
107.0 79.0
107.0 81.0
107.0 79.0
107.0 0.29411765
107.0 1.66666667
107.0 75.0
107.0 57.0
107.0 79.0
107.0 64.0
107.0 30.0
107.0 79.0
107.0 91.0
107.0 79.0
107.0 79.0
107.0 0.5
107.0 77.0
107.0 79.0
107.0 74.0
107.0 52.0
107.0 0.16129032
107.0 88.0
107.0 79.0
107.0 91.0
107.0 107.0
107.0 70.0
107.0 79.0
107.0 56.0
107.0 79.0
107.0 79.0
107.0 42.0
107.0 81.0
107.0 102.0
107.0 91.0
107.0 91.0
107.0 91.0
107.0 70.0
107.0 96.0
107.0 107.0
107.0 76.0
107.0 2.5
107.0 49.0
107.0 81.0
107.0 2.5
107.0 81.0
107.0 88.0
107.0 86.0
107.0 83.0
107.0 70.0
107.0 70.0
