481.069368 255.320902
481.069368 0.0018716
481.069368 419.083223
481.069368 0.00117491
481.069368 9.140294
481.069368 0.00209543
481.069368 53.166295
481.069368 71.050142
481.069368 262.361522
481.069368 357.069612
481.069368 119.968261
481.069368 133.408613
481.069368 224.610126
481.069368 249.229407
481.069368 256.254769
481.069368 319.937742
481.069368 312.363048
481.069368 0.0140103
481.069368 348.765526
481.069368 321.198156
481.069368 481.069368
481.069368 69.090854
481.069368 131.659901
481.069368 289.58098
481.069368 0.00188476
481.069368 338.883633
481.069368 408.816797
481.069368 350.440992
481.069368 366.835536
481.069368 252.186651
481.069368 0.00167638
481.069368 399.801629
481.069368 454.429761
481.069368 181.136509
481.069368 252.308725
481.069368 337.891781
481.069368 0.00279436
481.069368 0.00279436
481.069368 364.079714
481.069368 252.308725
481.069368 261.323893
481.069368 0.00279436
481.069368 312.363048
481.069368 340.803247
481.069368 306.784265
481.069368 0.001474
481.069368 481.069368
481.069368 419.15952
481.069368 0.00252364
481.069368 386.816003
481.069368 374.90463
481.069368 183.257545
481.069368 332.355722
481.069368 364.079714
481.069368 0.00139331
481.069368 314.929655
481.069368 190.163886
481.069368 377.883236
481.069368 252.186651
481.069368 481.069368
481.069368 481.069368
481.069368 481.069368
481.069368 433.814508
481.069368 181.136509
481.069368 245.564134
481.069368 252.186651
481.069368 252.186651
481.069368 252.186651
481.069368 335.026093
481.069368 371.816155
481.069368 358.488723
481.069368 295.599231
481.069368 301.956235
481.069368 0.00793587
481.069368 224.610126
481.069368 319.388409
481.069368 195.687735
481.069368 0.00203895
481.069368 312.363048
481.069368 312.363048
481.069368 0.00483068
481.069368 249.229407
481.069368 130.442213
481.069368 252.186651
481.069368 323.233741
481.069368 312.363048
481.069368 321.314127
481.069368 0.00279436
481.069368 56.001465
481.069368 0.01334889
481.069368 312.363048
481.069368 312.363048
481.069368 332.355722
481.069368 348.6404
481.069368 98.852504
481.069368 289.58098
481.069368 287.661366
481.069368 312.363048
481.069368 312.359996
481.069368 0.01583979
